 Disk integrated flux for K0V star (erg s-1 Sr-1 cm-2 nm-1)
=============================================================
Wavelength   quiet     spot      penumbra     umbra
   [nm]      region
============================================================
  200.500  9.417e+03  3.613e+03  4.079e+03  3.343e+01
  201.500  1.006e+04  4.021e+03  4.538e+03  3.798e+01
  202.500  1.036e+04  3.924e+03  4.429e+03  3.725e+01
  203.500  1.100e+04  4.336e+03  4.894e+03  4.495e+01
  204.500  1.146e+04  4.552e+03  5.137e+03  4.874e+01
  205.500  1.256e+04  4.944e+03  5.579e+03  5.505e+01
  206.500  1.307e+04  5.112e+03  5.769e+03  5.589e+01
  207.400  1.245e+04  5.085e+03  5.739e+03  5.631e+01
  207.800  1.396e+04  5.205e+03  5.874e+03  6.559e+01
  208.500  1.506e+04  5.454e+03  6.154e+03  7.161e+01
  209.500  1.860e+04  5.909e+03  6.666e+03  8.188e+01
  210.500  2.164e+04  5.856e+03  6.606e+03  8.541e+01
  211.500  2.378e+04  6.188e+03  6.980e+03  9.244e+01
  212.500  2.404e+04  6.687e+03  7.542e+03  1.025e+02
  213.500  2.799e+04  8.007e+03  9.032e+03  1.179e+02
  214.500  2.748e+04  6.837e+03  7.711e+03  1.063e+02
  215.500  2.853e+04  7.265e+03  8.194e+03  1.208e+02
  216.500  2.876e+04  7.504e+03  8.463e+03  1.214e+02
  217.500  3.039e+04  7.872e+03  8.878e+03  1.312e+02
  218.500  3.165e+04  7.706e+03  8.690e+03  1.302e+02
  219.500  3.579e+04  8.641e+03  9.741e+03  1.733e+02
  220.500  3.624e+04  8.729e+03  9.841e+03  1.653e+02
  221.500  3.770e+04  9.691e+03  1.093e+04  1.802e+02
  222.500  4.009e+04  9.800e+03  1.105e+04  1.771e+02
  223.500  4.968e+04  1.072e+04  1.208e+04  2.353e+02
  224.500  5.298e+04  1.194e+04  1.345e+04  2.638e+02
  225.500  5.321e+04  1.253e+04  1.413e+04  2.789e+02
  226.500  4.575e+04  1.117e+04  1.259e+04  2.249e+02
  227.500  5.169e+04  1.338e+04  1.507e+04  3.227e+02
  228.500  5.983e+04  1.364e+04  1.537e+04  3.432e+02
  229.500  6.427e+04  1.640e+04  1.848e+04  4.378e+02
  230.500  5.601e+04  1.227e+04  1.383e+04  2.811e+02
  231.500  7.388e+04  1.760e+04  1.982e+04  5.004e+02
  232.500  7.082e+04  1.823e+04  2.053e+04  4.988e+02
  233.500  8.527e+04  2.302e+04  2.593e+04  6.237e+02
  234.500  7.201e+04  2.147e+04  2.420e+04  4.743e+02
  235.500  7.417e+04  1.876e+04  2.113e+04  4.982e+02
  236.500  7.916e+04  2.356e+04  2.655e+04  5.695e+02
  237.500  8.143e+04  2.244e+04  2.527e+04  6.033e+02
  238.500  9.208e+04  3.058e+04  3.445e+04  7.730e+02
  239.500  9.378e+04  2.912e+04  3.280e+04  7.953e+02
  240.500  1.142e+05  3.550e+04  3.998e+04  1.055e+03
  241.500  9.778e+04  2.946e+04  3.317e+04  8.438e+02
  242.500  1.177e+05  2.890e+04  3.253e+04  9.772e+02
  243.500  1.333e+05  3.347e+04  3.766e+04  1.221e+03
  244.500  1.574e+05  3.628e+04  4.080e+04  1.412e+03
  245.500  1.694e+05  3.921e+04  4.410e+04  1.562e+03
  246.500  1.343e+05  3.591e+04  4.039e+04  1.386e+03
  247.500  1.502e+05  4.313e+04  4.851e+04  1.743e+03
  248.500  9.421e+04  3.389e+04  3.814e+04  1.237e+03
  249.500  1.139e+05  3.542e+04  3.985e+04  1.321e+03
  250.500  1.519e+05  4.250e+04  4.778e+04  1.849e+03
  251.300  1.276e+05  4.159e+04  4.678e+04  1.636e+03
  251.800  1.181e+05  4.433e+04  4.986e+04  1.796e+03
  252.500  1.202e+05  4.662e+04  5.243e+04  1.938e+03
  253.500  1.716e+05  5.922e+04  6.658e+04  2.581e+03
  254.500  1.936e+05  6.313e+04  7.096e+04  2.847e+03
  255.500  2.937e+05  6.703e+04  7.533e+04  3.101e+03
  256.500  2.412e+05  6.034e+04  6.783e+04  2.674e+03
  257.500  3.580e+05  6.618e+04  7.437e+04  3.028e+03
  258.500  3.256e+05  6.662e+04  7.486e+04  3.089e+03
  259.500  3.407e+05  7.077e+04  7.954e+04  3.230e+03
  260.500  3.583e+05  8.092e+04  9.094e+04  3.725e+03
  261.500  3.290e+05  8.358e+04  9.393e+04  3.863e+03
  262.500  4.309e+05  9.052e+04  1.017e+05  4.471e+03
  263.500  8.971e+05  1.173e+05  1.319e+05  4.998e+03
  264.500  9.371e+05  1.054e+05  1.184e+05  4.951e+03
  265.500  1.889e+06  1.617e+05  1.819e+05  5.415e+03
  266.500  1.031e+06  1.200e+05  1.348e+05  5.656e+03
  267.500  1.040e+06  1.169e+05  1.314e+05  5.460e+03
  268.500  1.452e+06  1.425e+05  1.601e+05  6.317e+03
  269.500  7.574e+05  1.088e+05  1.221e+05  6.129e+03
  270.500  1.193e+06  1.431e+05  1.608e+05  6.900e+03
  271.500  7.381e+05  1.259e+05  1.413e+05  7.145e+03
  272.500  4.652e+05  1.137e+05  1.275e+05  7.237e+03
  273.500  6.289e+05  1.197e+05  1.342e+05  7.545e+03
  274.500  5.796e+05  1.444e+05  1.621e+05  8.359e+03
  275.500  7.302e+05  1.442e+05  1.618e+05  8.547e+03
  276.500  1.026e+06  1.656e+05  1.859e+05  9.382e+03
  277.500  1.079e+06  1.800e+05  2.020e+05  1.022e+04
  278.500  6.752e+05  1.525e+05  1.710e+05  9.904e+03
  279.500  5.039e+05  1.845e+05  2.071e+05  1.069e+04
  280.500  5.603e+05  1.872e+05  2.101e+05  1.120e+04
  281.500  9.124e+05  1.758e+05  1.971e+05  1.174e+04
  282.500  9.862e+05  1.769e+05  1.983e+05  1.212e+04
  283.500  7.366e+05  1.672e+05  1.873e+05  1.264e+04
  284.500  5.166e+05  1.564e+05  1.750e+05  1.282e+04
  285.500  3.340e+05  1.302e+05  1.458e+05  1.026e+04
  286.500  6.696e+05  1.794e+05  2.008e+05  1.455e+04
  287.500  9.613e+05  1.958e+05  2.193e+05  1.500e+04
  288.500  1.361e+06  2.415e+05  2.707e+05  1.641e+04
  289.500  2.157e+06  2.911e+05  3.266e+05  1.735e+04
  291.000  3.272e+06  3.780e+05  4.246e+05  1.896e+04
  293.000  3.094e+06  3.920e+05  4.402e+05  2.070e+04
  295.000  2.493e+06  3.473e+05  3.896e+05  2.147e+04
  297.000  2.460e+06  3.473e+05  3.894e+05  2.265e+04
  299.000  2.430e+06  3.640e+05  4.080e+05  2.423e+04
  301.000  2.200e+06  3.571e+05  4.001e+05  2.568e+04
  303.000  2.997e+06  4.516e+05  5.065e+05  2.829e+04
  305.000  3.177e+06  4.890e+05  5.483e+05  3.130e+04
  307.000  4.707e+06  6.698e+05  7.524e+05  3.318e+04
  309.000  4.068e+06  6.043e+05  6.782e+05  3.399e+04
  311.000  6.679e+06  1.016e+06  1.143e+06  4.030e+04
  313.000  5.845e+06  9.293e+05  1.044e+06  4.378e+04
  315.000  6.664e+06  1.243e+06  1.398e+06  5.061e+04
  317.000  7.822e+06  1.571e+06  1.767e+06  6.114e+04
  319.000  6.296e+06  1.243e+06  1.397e+06  5.934e+04
  321.000  6.716e+06  1.360e+06  1.528e+06  6.837e+04
  323.000  5.663e+06  1.234e+06  1.385e+06  7.357e+04
  325.000  9.274e+06  2.037e+06  2.290e+06  9.099e+04
  327.000  1.218e+07  2.802e+06  3.152e+06  1.080e+05
  329.000  1.206e+07  3.003e+06  3.376e+06  1.299e+05
  331.000  1.001e+07  2.393e+06  2.688e+06  1.229e+05
  333.000  1.044e+07  2.524e+06  2.833e+06  1.412e+05
  335.000  9.593e+06  2.288e+06  2.567e+06  1.387e+05
  337.000  5.673e+06  1.348e+06  1.508e+06  1.168e+05
  339.000  6.966e+06  1.680e+06  1.879e+06  1.430e+05
  341.000  7.116e+06  1.771e+06  1.981e+06  1.555e+05
  343.000  8.184e+06  2.050e+06  2.295e+06  1.618e+05
  345.000  7.982e+06  1.953e+06  2.187e+06  1.458e+05
  347.000  8.390e+06  1.949e+06  2.182e+06  1.476e+05
  349.000  1.093e+07  2.685e+06  3.010e+06  1.771e+05
  351.000  1.282e+07  3.513e+06  3.940e+06  2.229e+05
  353.000  1.114e+07  3.167e+06  3.549e+06  2.285e+05
  355.000  1.356e+07  4.140e+06  4.638e+06  3.035e+05
  357.000  6.862e+06  1.878e+06  2.098e+06  1.882e+05
  359.000  7.701e+06  1.993e+06  2.228e+06  1.813e+05
  361.000  1.056e+07  2.806e+06  3.141e+06  2.289e+05
  363.000  1.146e+07  3.241e+06  3.626e+06  2.754e+05
  364.000  1.264e+07  3.668e+06  4.105e+06  3.008e+05
  365.000  1.499e+07  4.523e+06  5.068e+06  3.235e+05
  367.000  1.749e+07  5.630e+06  6.306e+06  4.180e+05
  369.000  1.406e+07  4.185e+06  4.683e+06  3.489e+05
  371.000  1.298e+07  3.401e+06  3.805e+06  2.850e+05
  373.000  6.057e+06  1.598e+06  1.779e+06  2.032e+05
  375.000  7.287e+06  1.904e+06  2.121e+06  2.312e+05
  377.000  1.305e+07  4.038e+06  4.512e+06  3.896e+05
  379.000  1.365e+07  4.456e+06  4.976e+06  4.487e+05
  381.000  1.140e+07  3.705e+06  4.130e+06  4.287e+05
  383.000  5.150e+06  1.735e+06  1.925e+06  2.751e+05
  385.000  7.699e+06  2.668e+06  2.967e+06  3.652e+05
  387.000  7.813e+06  2.642e+06  2.939e+06  3.587e+05
  389.000  1.108e+07  3.217e+06  3.588e+06  3.667e+05
  391.000  1.588e+07  4.814e+06  5.377e+06  4.786e+05
  393.000  6.752e+06  2.025e+06  2.249e+06  3.044e+05
  395.000  1.412e+07  3.939e+06  4.396e+06  4.153e+05
  397.000  9.631e+06  2.862e+06  3.183e+06  3.877e+05
  399.000  2.352e+07  7.793e+06  8.713e+06  7.122e+05
  401.000  2.590e+07  9.341e+06  1.044e+07  8.910e+05
  403.000  2.404e+07  7.979e+06  8.923e+06  7.088e+05
  405.000  2.212e+07  7.569e+06  8.446e+06  8.143e+05
  407.000  2.014e+07  6.704e+06  7.472e+06  7.860e+05
  409.000  2.803e+07  1.026e+07  1.146e+07  1.012e+06
  411.000  2.579e+07  8.175e+06  9.131e+06  8.108e+05
  413.000  2.440e+07  8.351e+06  9.320e+06  8.868e+05
  415.000  2.249e+07  7.695e+06  8.580e+06  8.786e+05
  417.000  2.388e+07  8.085e+06  9.016e+06  9.144e+05
  419.000  2.253e+07  7.928e+06  8.844e+06  8.773e+05
  421.000  2.335e+07  7.495e+06  8.381e+06  6.673e+05
  423.000  2.096e+07  5.453e+06  6.101e+06  4.638e+05
  425.000  2.430e+07  7.959e+06  8.902e+06  6.994e+05
  427.000  2.190e+07  7.318e+06  8.164e+06  8.075e+05
  429.000  2.046e+07  7.085e+06  7.899e+06  8.131e+05
  431.000  1.825e+07  7.043e+06  7.843e+06  8.806e+05
  433.000  2.781e+07  1.037e+07  1.158e+07  1.116e+06
  435.000  2.847e+07  1.112e+07  1.241e+07  1.155e+06
  437.000  3.051e+07  1.186e+07  1.324e+07  1.233e+06
  439.000  2.567e+07  9.577e+06  1.068e+07  1.101e+06
  441.000  2.775e+07  1.030e+07  1.149e+07  1.108e+06
  443.000  3.123e+07  1.137e+07  1.270e+07  1.067e+06
  445.000  3.156e+07  1.175e+07  1.313e+07  1.119e+06
  447.000  3.413e+07  1.313e+07  1.468e+07  1.196e+06
  449.000  3.511e+07  1.355e+07  1.515e+07  1.254e+06
  451.000  4.058e+07  1.614e+07  1.806e+07  1.329e+06
  453.000  3.482e+07  1.309e+07  1.463e+07  1.204e+06
  455.000  3.760e+07  1.471e+07  1.645e+07  1.300e+06
  457.000  3.997e+07  1.588e+07  1.776e+07  1.429e+06
  459.000  3.807e+07  1.491e+07  1.669e+07  1.207e+06
  461.000  3.895e+07  1.541e+07  1.725e+07  1.300e+06
  463.000  3.871e+07  1.538e+07  1.721e+07  1.241e+06
  465.000  3.870e+07  1.500e+07  1.679e+07  1.221e+06
  467.000  4.066e+07  1.615e+07  1.809e+07  1.279e+06
  469.000  3.996e+07  1.571e+07  1.759e+07  1.269e+06
  471.000  3.826e+07  1.477e+07  1.652e+07  1.323e+06
  473.000  3.960e+07  1.499e+07  1.677e+07  1.296e+06
  475.000  4.013e+07  1.497e+07  1.674e+07  1.379e+06
  477.000  3.971e+07  1.367e+07  1.531e+07  1.060e+06
  479.000  4.007e+07  1.437e+07  1.608e+07  1.174e+06
  481.000  4.072e+07  1.563e+07  1.751e+07  1.166e+06
  483.000  4.143e+07  1.585e+07  1.774e+07  1.253e+06
  485.000  3.991e+07  1.588e+07  1.776e+07  1.330e+06
  487.000  3.613e+07  1.464e+07  1.636e+07  1.416e+06
  489.000  3.882e+07  1.546e+07  1.727e+07  1.546e+06
  491.000  3.936e+07  1.569e+07  1.751e+07  1.632e+06
  493.000  3.745e+07  1.466e+07  1.634e+07  1.721e+06
  495.000  3.913e+07  1.487e+07  1.659e+07  1.644e+06
  497.000  3.929e+07  1.414e+07  1.582e+07  1.231e+06
  499.000  3.593e+07  1.278e+07  1.427e+07  1.338e+06
  501.000  3.339e+07  1.132e+07  1.263e+07  1.210e+06
  503.000  3.601e+07  1.244e+07  1.388e+07  1.333e+06
  505.000  3.470e+07  1.166e+07  1.300e+07  1.354e+06
  507.000  3.592e+07  1.166e+07  1.299e+07  1.419e+06
  509.000  3.423e+07  1.116e+07  1.242e+07  1.451e+06
  511.000  3.447e+07  1.132e+07  1.260e+07  1.506e+06
  513.000  3.336e+07  1.087e+07  1.208e+07  1.525e+06
  515.000  3.134e+07  1.018e+07  1.130e+07  1.505e+06
  517.000  2.532e+07  8.684e+06  9.626e+06  1.431e+06
  519.000  2.701e+07  9.318e+06  1.035e+07  1.371e+06
  521.000  3.231e+07  1.132e+07  1.259e+07  1.514e+06
  523.000  3.733e+07  1.546e+07  1.721e+07  1.965e+06
  525.000  4.019e+07  1.681e+07  1.874e+07  1.913e+06
  527.000  3.340e+07  1.369e+07  1.523e+07  1.865e+06
  529.000  3.999e+07  1.709e+07  1.903e+07  2.179e+06
  531.000  4.274e+07  1.861e+07  2.072e+07  2.337e+06
  533.000  3.660e+07  1.571e+07  1.746e+07  2.174e+06
  535.000  4.066e+07  1.746e+07  1.943e+07  2.357e+06
  537.000  3.997e+07  1.712e+07  1.906e+07  2.233e+06
  539.000  3.932e+07  1.684e+07  1.872e+07  2.362e+06
  541.000  3.812e+07  1.641e+07  1.823e+07  2.371e+06
  543.000  3.888e+07  1.655e+07  1.839e+07  2.379e+06
  545.000  4.012e+07  1.670e+07  1.859e+07  2.108e+06
  547.000  4.046e+07  1.713e+07  1.909e+07  1.984e+06
  549.000  4.036e+07  1.734e+07  1.931e+07  2.150e+06
  551.000  3.986e+07  1.675e+07  1.866e+07  2.023e+06
  553.000  4.112e+07  1.793e+07  1.997e+07  2.238e+06
  555.000  4.191e+07  1.839e+07  2.047e+07  2.371e+06
  557.000  4.020e+07  1.765e+07  1.963e+07  2.424e+06
  559.000  3.876e+07  1.652e+07  1.836e+07  2.309e+06
  561.000  4.079e+07  1.733e+07  1.933e+07  1.990e+06
  563.000  4.128e+07  1.795e+07  2.001e+07  2.060e+06
  565.000  4.166e+07  1.844e+07  2.055e+07  2.178e+06
  567.000  4.059e+07  1.795e+07  2.000e+07  2.174e+06
  569.000  4.130e+07  1.838e+07  2.046e+07  2.357e+06
  571.000  3.996e+07  1.776e+07  1.976e+07  2.399e+06
  573.000  4.308e+07  1.940e+07  2.158e+07  2.611e+06
  575.000  4.189e+07  1.921e+07  2.134e+07  2.770e+06
  577.000  4.225e+07  1.917e+07  2.133e+07  2.561e+06
  579.000  4.056e+07  1.844e+07  2.048e+07  2.744e+06
  581.000  4.207e+07  1.923e+07  2.137e+07  2.754e+06
  583.000  4.305e+07  1.976e+07  2.196e+07  2.774e+06
  585.000  4.166e+07  1.886e+07  2.097e+07  2.617e+06
  587.000  4.170e+07  1.848e+07  2.058e+07  2.343e+06
  589.000  3.252e+07  1.174e+07  1.302e+07  1.892e+06
  591.000  4.087e+07  1.742e+07  1.941e+07  2.133e+06
  593.000  4.137e+07  1.844e+07  2.053e+07  2.283e+06
  595.000  4.148e+07  1.859e+07  2.070e+07  2.352e+06
  597.000  4.183e+07  1.887e+07  2.101e+07  2.400e+06
  599.000  4.139e+07  1.884e+07  2.096e+07  2.538e+06
  601.000  4.062e+07  1.859e+07  2.067e+07  2.601e+06
  603.000  4.115e+07  1.911e+07  2.122e+07  2.789e+06
  605.000  4.190e+07  1.950e+07  2.166e+07  2.912e+06
  607.000  4.145e+07  1.940e+07  2.152e+07  3.058e+06
  609.000  4.026e+07  1.901e+07  2.107e+07  3.214e+06
  611.000  4.020e+07  1.892e+07  2.096e+07  3.190e+06
  613.000  3.789e+07  1.767e+07  1.955e+07  3.213e+06
  615.000  3.949e+07  1.877e+07  2.078e+07  3.335e+06
  617.000  3.676e+07  1.625e+07  1.803e+07  2.514e+06
  619.000  3.999e+07  1.832e+07  2.036e+07  2.563e+06
  621.000  3.991e+07  1.818e+07  2.021e+07  2.554e+06
  623.000  3.869e+07  1.742e+07  1.938e+07  2.402e+06
  625.000  3.768e+07  1.711e+07  1.901e+07  2.503e+06
  627.000  3.916e+07  1.793e+07  1.991e+07  2.666e+06
  629.000  3.962e+07  1.838e+07  2.041e+07  2.764e+06
  631.000  3.841e+07  1.801e+07  1.997e+07  2.939e+06
  633.000  3.866e+07  1.828e+07  2.026e+07  3.038e+06
  635.000  3.892e+07  1.852e+07  2.051e+07  3.153e+06
  637.000  3.873e+07  1.844e+07  2.042e+07  3.148e+06
  639.000  3.910e+07  1.874e+07  2.076e+07  3.233e+06
  641.000  3.810e+07  1.835e+07  2.030e+07  3.309e+06
  643.000  3.842e+07  1.823e+07  2.018e+07  3.154e+06
  645.000  3.782e+07  1.781e+07  1.971e+07  3.195e+06
  647.000  3.763e+07  1.787e+07  1.976e+07  3.346e+06
  649.000  3.710e+07  1.766e+07  1.954e+07  3.216e+06
  651.000  3.838e+07  1.851e+07  2.047e+07  3.409e+06
  653.000  3.864e+07  1.892e+07  2.091e+07  3.585e+06
  655.000  3.786e+07  1.851e+07  2.046e+07  3.520e+06
  657.000  3.624e+07  1.819e+07  2.009e+07  3.516e+06
  659.000  3.787e+07  1.856e+07  2.051e+07  3.542e+06
  661.000  3.825e+07  1.871e+07  2.068e+07  3.542e+06
  663.000  3.794e+07  1.857e+07  2.053e+07  3.450e+06
  665.000  3.786e+07  1.839e+07  2.034e+07  3.295e+06
  667.000  3.722e+07  1.799e+07  1.992e+07  3.191e+06
  669.000  3.789e+07  1.797e+07  1.992e+07  2.962e+06
  671.000  3.682e+07  1.752e+07  1.940e+07  3.020e+06
  673.000  3.768e+07  1.772e+07  1.965e+07  2.837e+06
  675.000  3.713e+07  1.750e+07  1.940e+07  2.901e+06
  677.000  3.729e+07  1.784e+07  1.976e+07  3.048e+06
  679.000  3.697e+07  1.749e+07  1.938e+07  2.938e+06
  681.000  3.677e+07  1.762e+07  1.951e+07  3.047e+06
  683.000  3.714e+07  1.794e+07  1.987e+07  3.151e+06
  685.000  3.617e+07  1.766e+07  1.954e+07  3.243e+06
  687.000  3.652e+07  1.779e+07  1.967e+07  3.278e+06
  689.000  3.665e+07  1.803e+07  1.992e+07  3.475e+06
  691.000  3.641e+07  1.815e+07  2.003e+07  3.704e+06
  693.000  3.617e+07  1.802e+07  1.989e+07  3.674e+06
  695.000  3.597e+07  1.812e+07  1.997e+07  3.909e+06
  697.000  3.605e+07  1.842e+07  2.027e+07  4.186e+06
  699.000  3.573e+07  1.823e+07  2.004e+07  4.304e+06
  701.000  3.495e+07  1.813e+07  1.991e+07  4.462e+06
  703.000  3.548e+07  1.842e+07  2.021e+07  4.624e+06
  705.000  3.562e+07  1.831e+07  2.011e+07  4.460e+06
  707.000  3.507e+07  1.735e+07  1.915e+07  3.467e+06
  709.000  3.492e+07  1.708e+07  1.885e+07  3.372e+06
  711.000  3.507e+07  1.712e+07  1.892e+07  3.295e+06
  713.000  3.435e+07  1.648e+07  1.822e+07  3.119e+06
  715.000  3.383e+07  1.610e+07  1.779e+07  3.093e+06
  717.000  3.429e+07  1.669e+07  1.845e+07  3.185e+06
  719.000  3.321e+07  1.651e+07  1.822e+07  3.397e+06
  721.000  3.373e+07  1.657e+07  1.829e+07  3.323e+06
  723.000  3.416e+07  1.748e+07  1.922e+07  4.143e+06
  725.000  3.408e+07  1.756e+07  1.927e+07  4.371e+06
  727.000  3.402e+07  1.781e+07  1.952e+07  4.603e+06
  729.000  3.318e+07  1.768e+07  1.936e+07  4.787e+06
  731.000  3.358e+07  1.791e+07  1.958e+07  5.036e+06
  733.000  3.327e+07  1.776e+07  1.939e+07  5.219e+06
  735.000  3.334e+07  1.792e+07  1.954e+07  5.416e+06
  737.000  3.355e+07  1.820e+07  1.983e+07  5.676e+06
  739.000  3.280e+07  1.801e+07  1.959e+07  5.844e+06
  741.000  3.253e+07  1.792e+07  1.948e+07  5.960e+06
  743.000  3.288e+07  1.814e+07  1.971e+07  6.067e+06
  745.000  3.271e+07  1.803e+07  1.958e+07  6.121e+06
  747.000  3.292e+07  1.820e+07  1.975e+07  6.231e+06
  749.000  3.257e+07  1.808e+07  1.962e+07  6.268e+06
  751.000  3.262e+07  1.816e+07  1.970e+07  6.324e+06
  753.000  3.280e+07  1.830e+07  1.984e+07  6.388e+06
  755.000  3.283e+07  1.832e+07  1.987e+07  6.400e+06
  757.000  3.248e+07  1.819e+07  1.972e+07  6.401e+06
  759.000  3.230e+07  1.789e+07  1.944e+07  5.970e+06
  761.000  3.218e+07  1.777e+07  1.934e+07  5.707e+06
  763.000  3.233e+07  1.775e+07  1.934e+07  5.505e+06
  765.000  3.222e+07  1.765e+07  1.925e+07  5.377e+06
  767.000  3.098e+07  1.656e+07  1.809e+07  4.785e+06
  769.000  3.199e+07  1.725e+07  1.886e+07  4.861e+06
  771.000  3.139e+07  1.680e+07  1.837e+07  4.747e+06
  773.000  3.157e+07  1.719e+07  1.877e+07  5.017e+06
  775.000  3.116e+07  1.692e+07  1.848e+07  4.907e+06
  777.000  3.179e+07  1.724e+07  1.885e+07  4.907e+06
  779.000  3.161e+07  1.717e+07  1.876e+07  4.935e+06
  781.000  3.143e+07  1.724e+07  1.881e+07  5.148e+06
  783.000  3.099e+07  1.695e+07  1.849e+07  5.078e+06
  785.000  3.100e+07  1.702e+07  1.856e+07  5.148e+06
  787.000  3.121e+07  1.725e+07  1.880e+07  5.270e+06
  789.000  3.086e+07  1.721e+07  1.873e+07  5.480e+06
  791.000  3.033e+07  1.697e+07  1.847e+07  5.441e+06
  793.000  2.982e+07  1.682e+07  1.828e+07  5.524e+06
  795.000  2.958e+07  1.666e+07  1.810e+07  5.604e+06
  797.000  3.035e+07  1.719e+07  1.866e+07  5.847e+06
  799.000  3.021e+07  1.707e+07  1.853e+07  5.840e+06
  801.000  2.985e+07  1.697e+07  1.841e+07  5.924e+06
  803.000  2.989e+07  1.704e+07  1.847e+07  6.031e+06
  805.000  2.955e+07  1.692e+07  1.833e+07  6.136e+06
  807.000  2.966e+07  1.696e+07  1.837e+07  6.156e+06
  809.000  2.905e+07  1.679e+07  1.815e+07  6.251e+06
  811.000  2.920e+07  1.690e+07  1.827e+07  6.332e+06
  813.000  2.941e+07  1.705e+07  1.843e+07  6.430e+06
  815.000  2.926e+07  1.701e+07  1.838e+07  6.459e+06
  817.000  2.919e+07  1.695e+07  1.831e+07  6.448e+06
  819.000  2.787e+07  1.572e+07  1.702e+07  5.727e+06
  821.000  2.837e+07  1.634e+07  1.770e+07  5.925e+06
  823.000  2.834e+07  1.644e+07  1.779e+07  6.097e+06
  825.000  2.864e+07  1.655e+07  1.791e+07  6.136e+06
  827.000  2.885e+07  1.668e+07  1.805e+07  6.074e+06
  829.000  2.866e+07  1.650e+07  1.789e+07  5.876e+06
  831.000  2.799e+07  1.620e+07  1.755e+07  5.873e+06
  833.000  2.756e+07  1.588e+07  1.718e+07  5.894e+06
  835.000  2.786e+07  1.610e+07  1.744e+07  5.825e+06
  837.000  2.800e+07  1.614e+07  1.748e+07  5.832e+06
  839.000  2.685e+07  1.532e+07  1.657e+07  5.668e+06
  841.000  2.791e+07  1.613e+07  1.746e+07  5.919e+06
  843.000  2.721e+07  1.557e+07  1.686e+07  5.641e+06
  845.000  2.763e+07  1.589e+07  1.723e+07  5.590e+06
  847.000  2.728e+07  1.567e+07  1.700e+07  5.484e+06
  849.000  2.720e+07  1.568e+07  1.699e+07  5.595e+06
  851.000  2.595e+07  1.499e+07  1.623e+07  5.468e+06
  853.000  2.678e+07  1.549e+07  1.677e+07  5.608e+06
  855.000  2.327e+07  1.361e+07  1.467e+07  5.465e+06
  857.000  2.732e+07  1.589e+07  1.720e+07  5.814e+06
  859.000  2.688e+07  1.573e+07  1.702e+07  5.857e+06
  861.000  2.680e+07  1.570e+07  1.697e+07  5.933e+06
  863.000  2.695e+07  1.580e+07  1.707e+07  6.052e+06
  865.000  2.671e+07  1.571e+07  1.696e+07  6.078e+06
  867.000  2.319e+07  1.368e+07  1.471e+07  5.739e+06
  869.000  2.551e+07  1.491e+07  1.607e+07  5.956e+06
  871.000  2.639e+07  1.568e+07  1.690e+07  6.270e+06
  873.000  2.635e+07  1.565e+07  1.686e+07  6.292e+06
  875.000  2.619e+07  1.562e+07  1.683e+07  6.310e+06
  877.000  2.632e+07  1.559e+07  1.679e+07  6.313e+06
  879.000  2.613e+07  1.561e+07  1.681e+07  6.397e+06
  881.000  2.517e+07  1.504e+07  1.617e+07  6.314e+06
  883.000  2.560e+07  1.519e+07  1.635e+07  6.292e+06
  885.000  2.595e+07  1.548e+07  1.667e+07  6.367e+06
  887.000  2.547e+07  1.488e+07  1.613e+07  5.310e+06
  889.000  2.595e+07  1.514e+07  1.641e+07  5.379e+06
  891.000  2.601e+07  1.521e+07  1.647e+07  5.552e+06
  893.000  2.547e+07  1.500e+07  1.622e+07  5.615e+06
  895.000  2.533e+07  1.485e+07  1.607e+07  5.449e+06
  897.000  2.540e+07  1.493e+07  1.615e+07  5.534e+06
  899.000  2.545e+07  1.503e+07  1.624e+07  5.711e+06
  901.000  2.431e+07  1.443e+07  1.556e+07  5.687e+06
  903.000  2.519e+07  1.478e+07  1.598e+07  5.485e+06
  905.000  2.557e+07  1.504e+07  1.626e+07  5.610e+06
  907.000  2.529e+07  1.499e+07  1.620e+07  5.717e+06
  909.000  2.451e+07  1.456e+07  1.571e+07  5.700e+06
  911.000  2.458e+07  1.461e+07  1.576e+07  5.743e+06
  913.000  2.498e+07  1.486e+07  1.602e+07  5.868e+06
  915.000  2.441e+07  1.469e+07  1.583e+07  5.925e+06
  917.000  2.414e+07  1.461e+07  1.574e+07  5.978e+06
  919.000  2.424e+07  1.469e+07  1.582e+07  6.028e+06
  921.000  2.368e+07  1.443e+07  1.552e+07  5.984e+06
  923.000  2.376e+07  1.451e+07  1.562e+07  5.945e+06
  925.000  2.350e+07  1.430e+07  1.539e+07  5.915e+06
  927.000  2.376e+07  1.441e+07  1.551e+07  5.939e+06
  929.000  2.359e+07  1.430e+07  1.539e+07  5.864e+06
  931.000  2.386e+07  1.446e+07  1.557e+07  5.887e+06
  933.000  2.374e+07  1.442e+07  1.552e+07  5.900e+06
  935.000  2.358e+07  1.434e+07  1.543e+07  5.919e+06
  937.000  2.340e+07  1.417e+07  1.525e+07  5.842e+06
  939.000  2.337e+07  1.426e+07  1.534e+07  5.904e+06
  941.000  2.261e+07  1.392e+07  1.496e+07  5.904e+06
  943.000  2.309e+07  1.416e+07  1.523e+07  5.940e+06
  945.000  2.264e+07  1.388e+07  1.492e+07  5.866e+06
  947.000  2.307e+07  1.413e+07  1.520e+07  5.932e+06
  949.000  2.308e+07  1.416e+07  1.522e+07  5.975e+06
  951.000  2.304e+07  1.411e+07  1.517e+07  5.968e+06
  953.000  2.283e+07  1.401e+07  1.506e+07  5.942e+06
  955.000  2.255e+07  1.383e+07  1.486e+07  5.875e+06
  957.000  2.261e+07  1.387e+07  1.490e+07  5.947e+06
  959.000  2.284e+07  1.404e+07  1.508e+07  5.998e+06
  961.000  2.259e+07  1.383e+07  1.486e+07  5.906e+06
  963.000  2.246e+07  1.386e+07  1.489e+07  5.975e+06
  965.000  2.209e+07  1.345e+07  1.445e+07  5.760e+06
  967.000  2.209e+07  1.349e+07  1.449e+07  5.798e+06
  969.000  2.239e+07  1.374e+07  1.476e+07  5.921e+06
  971.000  2.215e+07  1.359e+07  1.459e+07  5.875e+06
  973.000  2.207e+07  1.346e+07  1.446e+07  5.724e+06
  975.000  2.191e+07  1.341e+07  1.442e+07  5.652e+06
  977.000  2.197e+07  1.349e+07  1.450e+07  5.731e+06
  979.000  2.162e+07  1.321e+07  1.420e+07  5.644e+06
  981.000  2.201e+07  1.356e+07  1.458e+07  5.748e+06
  983.000  2.185e+07  1.339e+07  1.440e+07  5.619e+06
  985.000  2.195e+07  1.352e+07  1.454e+07  5.692e+06
  987.000  2.176e+07  1.344e+07  1.444e+07  5.733e+06
  989.000  2.176e+07  1.344e+07  1.443e+07  5.748e+06
  991.000  2.162e+07  1.336e+07  1.436e+07  5.662e+06
  993.000  2.172e+07  1.338e+07  1.438e+07  5.666e+06
  995.000  2.162e+07  1.335e+07  1.434e+07  5.710e+06
  997.000  2.160e+07  1.335e+07  1.433e+07  5.735e+06
  999.000  2.150e+07  1.332e+07  1.430e+07  5.732e+06
 1002.500  2.135e+07  1.321e+07  1.419e+07  5.688e+06
 1007.500  2.108e+07  1.310e+07  1.406e+07  5.709e+06
 1012.500  2.101e+07  1.308e+07  1.403e+07  5.731e+06
 1017.500  2.069e+07  1.293e+07  1.387e+07  5.713e+06
 1022.500  2.060e+07  1.287e+07  1.380e+07  5.732e+06
 1027.500  2.057e+07  1.288e+07  1.380e+07  5.744e+06
 1032.500  2.020e+07  1.265e+07  1.356e+07  5.678e+06
 1037.500  2.003e+07  1.260e+07  1.349e+07  5.709e+06
 1042.500  2.004e+07  1.263e+07  1.352e+07  5.733e+06
 1047.500  1.977e+07  1.247e+07  1.335e+07  5.695e+06
 1052.500  1.972e+07  1.247e+07  1.335e+07  5.712e+06
 1057.500  1.944e+07  1.231e+07  1.317e+07  5.674e+06
 1062.500  1.929e+07  1.226e+07  1.312e+07  5.682e+06
 1067.500  1.896e+07  1.208e+07  1.292e+07  5.626e+06
 1072.500  1.892e+07  1.205e+07  1.288e+07  5.600e+06
 1077.500  1.867e+07  1.194e+07  1.276e+07  5.606e+06
 1082.500  1.824e+07  1.167e+07  1.247e+07  5.519e+06
 1087.500  1.822e+07  1.172e+07  1.252e+07  5.549e+06
 1092.500  1.811e+07  1.171e+07  1.251e+07  5.529e+06
 1097.500  1.743e+07  1.139e+07  1.216e+07  5.489e+06
 1102.500  1.739e+07  1.136e+07  1.213e+07  5.431e+06
 1107.500  1.744e+07  1.136e+07  1.214e+07  5.384e+06
 1112.500  1.728e+07  1.127e+07  1.204e+07  5.367e+06
 1117.500  1.723e+07  1.121e+07  1.198e+07  5.332e+06
 1122.500  1.717e+07  1.120e+07  1.196e+07  5.349e+06
 1127.500  1.680e+07  1.096e+07  1.170e+07  5.274e+06
 1132.500  1.691e+07  1.103e+07  1.177e+07  5.278e+06
 1137.500  1.661e+07  1.082e+07  1.155e+07  5.157e+06
 1142.500  1.646e+07  1.069e+07  1.142e+07  5.099e+06
 1147.500  1.665e+07  1.090e+07  1.163e+07  5.252e+06
 1152.500  1.658e+07  1.088e+07  1.161e+07  5.245e+06
 1157.500  1.633e+07  1.073e+07  1.144e+07  5.204e+06
 1162.500  1.605e+07  1.051e+07  1.122e+07  5.119e+06
 1167.500  1.606e+07  1.055e+07  1.125e+07  5.116e+06
 1172.500  1.619e+07  1.065e+07  1.137e+07  5.170e+06
 1177.500  1.582e+07  1.038e+07  1.108e+07  5.016e+06
 1182.500  1.558e+07  1.028e+07  1.096e+07  5.076e+06
 1187.500  1.547e+07  1.019e+07  1.086e+07  5.003e+06
 1192.500  1.574e+07  1.041e+07  1.110e+07  5.080e+06
 1197.500  1.500e+07  9.921e+06  1.057e+07  4.932e+06
 1202.500  1.529e+07  1.018e+07  1.084e+07  5.038e+06
 1207.500  1.505e+07  1.002e+07  1.068e+07  5.003e+06
 1212.500  1.517e+07  1.012e+07  1.079e+07  5.014e+06
 1217.500  1.520e+07  1.012e+07  1.079e+07  5.000e+06
 1222.500  1.508e+07  1.006e+07  1.072e+07  4.980e+06
 1227.500  1.492e+07  9.972e+06  1.062e+07  4.958e+06
 1232.500  1.482e+07  9.914e+06  1.056e+07  4.924e+06
 1237.500  1.475e+07  9.883e+06  1.053e+07  4.920e+06
 1242.500  1.456e+07  9.762e+06  1.040e+07  4.860e+06
 1247.500  1.457e+07  9.779e+06  1.042e+07  4.871e+06
 1252.500  1.439e+07  9.663e+06  1.029e+07  4.820e+06
 1257.500  1.435e+07  9.664e+06  1.029e+07  4.827e+06
 1262.500  1.423e+07  9.591e+06  1.021e+07  4.805e+06
 1267.500  1.404e+07  9.476e+06  1.009e+07  4.756e+06
 1272.500  1.407e+07  9.509e+06  1.012e+07  4.779e+06
 1277.500  1.400e+07  9.480e+06  1.009e+07  4.768e+06
 1282.500  1.346e+07  9.173e+06  9.760e+06  4.651e+06
 1287.500  1.370e+07  9.305e+06  9.901e+06  4.712e+06
 1292.500  1.354e+07  9.179e+06  9.766e+06  4.660e+06
 1297.500  1.361e+07  9.269e+06  9.862e+06  4.704e+06
 1302.500  1.343e+07  9.171e+06  9.756e+06  4.673e+06
 1307.500  1.345e+07  9.184e+06  9.772e+06  4.657e+06
 1312.500  1.310e+07  8.880e+06  9.448e+06  4.509e+06
 1317.500  1.307e+07  8.921e+06  9.489e+06  4.549e+06
 1322.500  1.316e+07  9.028e+06  9.603e+06  4.598e+06
 1327.500  1.293e+07  8.880e+06  9.446e+06  4.522e+06
 1332.500  1.292e+07  8.826e+06  9.408e+06  4.340e+06
 1337.500  1.283e+07  8.764e+06  9.362e+06  4.157e+06
 1342.500  1.286e+07  8.770e+06  9.375e+06  4.107e+06
 1347.500  1.275e+07  8.740e+06  9.332e+06  4.183e+06
 1352.500  1.269e+07  8.689e+06  9.287e+06  4.087e+06
 1357.500  1.245e+07  8.567e+06  9.147e+06  4.099e+06
 1362.500  1.241e+07  8.517e+06  9.097e+06  4.045e+06
 1367.500  1.239e+07  8.559e+06  9.137e+06  4.113e+06
 1372.500  1.237e+07  8.565e+06  9.143e+06  4.114e+06
 1377.500  1.226e+07  8.500e+06  9.069e+06  4.116e+06
 1382.500  1.222e+07  8.489e+06  9.060e+06  4.096e+06
 1387.500  1.211e+07  8.380e+06  8.949e+06  3.996e+06
 1392.500  1.204e+07  8.184e+06  8.759e+06  3.752e+06
 1397.500  1.198e+07  8.240e+06  8.817e+06  3.799e+06
 1402.500  1.180e+07  8.165e+06  8.727e+06  3.839e+06
 1407.500  1.178e+07  8.200e+06  8.768e+06  3.830e+06
 1412.500  1.152e+07  8.043e+06  8.602e+06  3.738e+06
 1417.500  1.158e+07  8.093e+06  8.660e+06  3.732e+06
 1422.500  1.133e+07  7.964e+06  8.513e+06  3.737e+06
 1427.500  1.106e+07  7.711e+06  8.241e+06  3.628e+06
 1432.500  1.133e+07  7.965e+06  8.517e+06  3.710e+06
 1437.500  1.135e+07  7.966e+06  8.523e+06  3.673e+06
 1442.500  1.096e+07  7.772e+06  8.302e+06  3.687e+06
 1447.500  1.121e+07  7.923e+06  8.476e+06  3.667e+06
 1452.500  1.094e+07  7.761e+06  8.297e+06  3.635e+06
 1457.000  1.094e+07  7.752e+06  8.288e+06  3.627e+06
 1462.000  1.092e+07  7.650e+06  8.191e+06  3.490e+06
 1467.500  1.083e+07  7.634e+06  8.173e+06  3.488e+06
 1472.500  1.062e+07  7.560e+06  8.083e+06  3.537e+06
 1477.500  1.064e+07  7.558e+06  8.088e+06  3.481e+06
 1482.500  1.062e+07  7.588e+06  8.119e+06  3.504e+06
 1487.500  1.026e+07  7.323e+06  7.823e+06  3.479e+06
 1492.500  1.067e+07  7.659e+06  8.195e+06  3.540e+06
 1497.500  1.050e+07  7.593e+06  8.115e+06  3.575e+06
 1502.500  9.908e+06  7.034e+06  7.505e+06  3.409e+06
 1507.500  1.007e+07  7.266e+06  7.756e+06  3.494e+06
 1512.500  1.035e+07  7.498e+06  8.014e+06  3.529e+06
 1517.500  1.034e+07  7.482e+06  8.002e+06  3.483e+06
 1522.500  1.018e+07  7.461e+06  7.964e+06  3.594e+06
 1527.500  1.022e+07  7.430e+06  7.941e+06  3.496e+06
 1532.500  1.015e+07  7.503e+06  7.999e+06  3.687e+06
 1537.500  1.013e+07  7.441e+06  7.940e+06  3.600e+06
 1542.500  1.011e+07  7.395e+06  7.897e+06  3.537e+06
 1547.500  1.007e+07  7.508e+06  8.004e+06  3.697e+06
 1552.500  9.881e+06  7.338e+06  7.822e+06  3.614e+06
 1557.500  9.837e+06  7.335e+06  7.818e+06  3.617e+06
 1562.500  9.909e+06  7.428e+06  7.912e+06  3.701e+06
 1567.500  9.648e+06  7.275e+06  7.742e+06  3.681e+06
 1572.500  9.679e+06  7.242e+06  7.710e+06  3.640e+06
 1577.500  9.141e+06  6.851e+06  7.273e+06  3.601e+06
 1582.500  9.456e+06  7.185e+06  7.635e+06  3.721e+06
 1587.500  9.167e+06  6.990e+06  7.419e+06  3.685e+06
 1592.500  9.317e+06  7.131e+06  7.572e+06  3.732e+06
 1597.500  9.363e+06  7.193e+06  7.633e+06  3.809e+06
 1605.000  9.287e+06  7.130e+06  7.569e+06  3.749e+06
 1615.000  9.112e+06  7.008e+06  7.438e+06  3.708e+06
 1625.000  9.057e+06  6.955e+06  7.379e+06  3.688e+06
 1635.000  8.898e+06  6.926e+06  7.333e+06  3.789e+06
 1645.000  8.711e+06  6.821e+06  7.210e+06  3.829e+06
 1655.000  8.675e+06  6.822e+06  7.202e+06  3.893e+06
 1665.000  8.498e+06  6.677e+06  7.045e+06  3.845e+06
 1675.000  8.228e+06  6.429e+06  6.783e+06  3.706e+06
 1685.000  8.066e+06  6.391e+06  6.734e+06  3.755e+06
 1695.000  8.087e+06  6.367e+06  6.717e+06  3.677e+06
 1705.000  7.806e+06  6.145e+06  6.483e+06  3.541e+06
 1715.000  7.634e+06  5.934e+06  6.278e+06  3.287e+06
 1725.000  7.481e+06  5.859e+06  6.199e+06  3.243e+06
 1735.000  7.256e+06  5.703e+06  6.042e+06  3.099e+06
 1745.000  7.200e+06  5.627e+06  5.968e+06  3.000e+06
 1755.000  7.116e+06  5.508e+06  5.859e+06  2.804e+06
 1765.000  6.990e+06  5.412e+06  5.762e+06  2.724e+06
 1775.000  6.829e+06  5.272e+06  5.621e+06  2.588e+06
 1785.000  6.743e+06  5.180e+06  5.530e+06  2.489e+06
 1795.000  6.617e+06  5.100e+06  5.447e+06  2.437e+06
 1805.000  6.451e+06  4.932e+06  5.270e+06  2.333e+06
 1815.000  6.290e+06  4.863e+06  5.196e+06  2.298e+06
 1825.000  6.182e+06  4.736e+06  5.057e+06  2.264e+06
 1835.000  6.084e+06  4.676e+06  4.994e+06  2.230e+06
 1845.000  5.892e+06  4.481e+06  4.789e+06  2.110e+06
 1855.000  5.866e+06  4.468e+06  4.781e+06  2.056e+06
 1865.000  5.688e+06  4.359e+06  4.660e+06  2.045e+06
 1875.000  5.477e+06  4.237e+06  4.527e+06  2.007e+06
 1885.000  5.516e+06  4.241e+06  4.525e+06  2.050e+06
 1895.000  5.285e+06  4.069e+06  4.338e+06  2.003e+06
 1905.000  5.349e+06  4.116e+06  4.390e+06  2.009e+06
 1915.000  5.230e+06  4.039e+06  4.305e+06  1.994e+06
 1925.000  5.143e+06  3.982e+06  4.244e+06  1.970e+06
 1935.000  4.988e+06  3.830e+06  4.080e+06  1.909e+06
 1945.000  4.833e+06  3.735e+06  3.977e+06  1.873e+06
 1955.000  4.864e+06  3.753e+06  3.995e+06  1.888e+06
 1965.000  4.763e+06  3.699e+06  3.936e+06  1.877e+06
 1975.000  4.632e+06  3.537e+06  3.764e+06  1.786e+06
 1985.000  4.586e+06  3.507e+06  3.737e+06  1.741e+06
 1995.000  4.519e+06  3.472e+06  3.700e+06  1.724e+06
 2005.000  4.490e+06  3.483e+06  3.710e+06  1.735e+06
 2015.000  4.432e+06  3.428e+06  3.653e+06  1.692e+06
 2025.000  4.300e+06  3.330e+06  3.545e+06  1.672e+06
 2035.000  4.214e+06  3.282e+06  3.493e+06  1.662e+06
 2045.000  4.200e+06  3.261e+06  3.473e+06  1.637e+06
 2055.000  4.106e+06  3.192e+06  3.395e+06  1.629e+06
 2065.000  4.005e+06  3.112e+06  3.310e+06  1.589e+06
 2075.000  3.965e+06  3.094e+06  3.290e+06  1.590e+06
 2085.000  3.896e+06  3.033e+06  3.225e+06  1.555e+06
 2095.000  3.793e+06  2.960e+06  3.143e+06  1.554e+06
 2105.000  3.777e+06  2.949e+06  3.131e+06  1.546e+06
 2115.000  3.703e+06  2.895e+06  3.071e+06  1.537e+06
 2125.000  3.644e+06  2.861e+06  3.034e+06  1.527e+06
 2135.000  3.597e+06  2.830e+06  2.999e+06  1.527e+06
 2145.000  3.539e+06  2.790e+06  2.955e+06  1.523e+06
 2155.000  3.483e+06  2.751e+06  2.911e+06  1.522e+06
 2165.000  3.364e+06  2.697e+06  2.848e+06  1.534e+06
 2175.000  3.336e+06  2.652e+06  2.800e+06  1.513e+06
 2185.000  3.292e+06  2.625e+06  2.768e+06  1.522e+06
 2195.000  3.261e+06  2.598e+06  2.738e+06  1.521e+06
 2205.000  3.159e+06  2.496e+06  2.631e+06  1.460e+06
 2215.000  3.164e+06  2.540e+06  2.671e+06  1.529e+06
 2225.000  3.088e+06  2.466e+06  2.592e+06  1.497e+06
 2235.000  3.042e+06  2.443e+06  2.565e+06  1.510e+06
 2245.000  2.998e+06  2.417e+06  2.535e+06  1.515e+06
 2255.000  2.956e+06  2.392e+06  2.507e+06  1.507e+06
 2265.000  2.890e+06  2.324e+06  2.435e+06  1.464e+06
 2275.000  2.872e+06  2.326e+06  2.435e+06  1.486e+06
 2285.000  2.795e+06  2.265e+06  2.369e+06  1.465e+06
 2295.000  2.657e+06  2.107e+06  2.207e+06  1.340e+06
 2305.000  2.684e+06  2.151e+06  2.254e+06  1.364e+06
 2315.000  2.649e+06  2.126e+06  2.228e+06  1.342e+06
 2325.000  2.489e+06  1.963e+06  2.057e+06  1.236e+06
 2335.000  2.514e+06  1.987e+06  2.086e+06  1.225e+06
 2345.000  2.523e+06  2.011e+06  2.111e+06  1.245e+06
 2355.000  2.355e+06  1.848e+06  1.939e+06  1.148e+06
 2365.000  2.413e+06  1.916e+06  2.011e+06  1.181e+06
 2375.000  2.378e+06  1.897e+06  1.990e+06  1.179e+06
 2385.000  2.241e+06  1.756e+06  1.844e+06  1.079e+06
 2395.000  2.293e+06  1.807e+06  1.901e+06  1.086e+06
 2405.000  2.280e+06  1.792e+06  1.890e+06  1.038e+06
 2415.000  2.119e+06  1.634e+06  1.725e+06  9.347e+05
 2425.000  2.144e+06  1.655e+06  1.751e+06  9.173e+05
 2435.000  2.133e+06  1.646e+06  1.744e+06  8.932e+05
 2445.000  2.057e+06  1.573e+06  1.666e+06  8.600e+05
 2455.000  2.014e+06  1.541e+06  1.632e+06  8.432e+05
 2465.000  2.045e+06  1.562e+06  1.657e+06  8.248e+05
 2475.000  1.984e+06  1.512e+06  1.604e+06  8.075e+05
 2485.000  1.919e+06  1.455e+06  1.541e+06  7.877e+05
 2495.000  1.950e+06  1.481e+06  1.572e+06  7.787e+05
 2505.000  1.931e+06  1.466e+06  1.557e+06  7.657e+05
 2515.000  1.865e+06  1.408e+06  1.494e+06  7.477e+05
 2525.000  1.865e+06  1.387e+06  1.472e+06  7.313e+05
 2535.000  1.846e+06  1.388e+06  1.473e+06  7.265e+05
 2545.000  1.803e+06  1.364e+06  1.447e+06  7.195e+05
 2555.000  1.784e+06  1.352e+06  1.435e+06  7.141e+05
 2565.000  1.768e+06  1.334e+06  1.417e+06  6.972e+05
 2575.000  1.760e+06  1.335e+06  1.418e+06  6.989e+05
 2585.000  1.695e+06  1.293e+06  1.371e+06  6.936e+05
 2595.000  1.700e+06  1.295e+06  1.374e+06  6.855e+05
 2605.000  1.686e+06  1.285e+06  1.363e+06  6.812e+05
 2615.000  1.662e+06  1.281e+06  1.358e+06  6.856e+05
 2625.000  1.607e+06  1.243e+06  1.316e+06  6.762e+05
 2635.000  1.609e+06  1.240e+06  1.314e+06  6.731e+05
 2645.000  1.586e+06  1.223e+06  1.296e+06  6.620e+05
 2655.000  1.558e+06  1.191e+06  1.259e+06  6.648e+05
 2665.000  1.529e+06  1.180e+06  1.248e+06  6.555e+05
 2675.000  1.539e+06  1.184e+06  1.255e+06  6.428e+05
 2685.000  1.521e+06  1.172e+06  1.242e+06  6.356e+05
 2695.000  1.495e+06  1.146e+06  1.214e+06  6.180e+05
 2705.000  1.480e+06  1.136e+06  1.204e+06  6.155e+05
 2715.000  1.460e+06  1.118e+06  1.185e+06  6.002e+05
 2725.000  1.442e+06  1.103e+06  1.170e+06  5.884e+05
 2735.000  1.423e+06  1.090e+06  1.156e+06  5.848e+05
 2745.000  1.409e+06  1.081e+06  1.146e+06  5.803e+05
 2755.000  1.389e+06  1.062e+06  1.126e+06  5.679e+05
 2765.000  1.366e+06  1.047e+06  1.110e+06  5.620e+05
 2775.000  1.349e+06  1.038e+06  1.100e+06  5.579e+05
 2785.000  1.334e+06  1.020e+06  1.081e+06  5.467e+05
 2795.000  1.316e+06  1.003e+06  1.062e+06  5.467e+05
 2805.000  1.296e+06  9.747e+05  1.033e+06  5.279e+05
 2815.000  1.283e+06  9.753e+05  1.033e+06  5.281e+05
 2825.000  1.268e+06  9.670e+05  1.025e+06  5.217e+05
 2835.000  1.256e+06  9.568e+05  1.014e+06  5.157e+05
 2845.000  1.235e+06  9.486e+05  1.005e+06  5.137e+05
 2855.000  1.220e+06  9.293e+05  9.846e+05  5.037e+05
 2865.000  1.204e+06  9.243e+05  9.791e+05  5.027e+05
 2875.000  1.189e+06  9.129e+05  9.669e+05  4.969e+05
 2885.000  1.175e+06  8.998e+05  9.531e+05  4.897e+05
 2895.000  1.161e+06  8.926e+05  9.450e+05  4.888e+05
 2905.000  1.145e+06  8.725e+05  9.240e+05  4.763e+05
 2915.000  1.133e+06  8.754e+05  9.267e+05  4.805e+05
 2925.000  1.106e+06  8.363e+05  8.851e+05  4.608e+05
 2935.000  1.101e+06  8.464e+05  8.953e+05  4.701e+05
 2945.000  1.084e+06  8.178e+05  8.655e+05  4.505e+05
 2955.000  1.075e+06  8.258e+05  8.738e+05  4.562e+05
 2965.000  1.059e+06  8.021e+05  8.485e+05  4.447e+05
 2975.000  1.050e+06  8.064e+05  8.531e+05  4.467e+05
 2985.000  1.037e+06  7.891e+05  8.351e+05  4.345e+05
 2995.000  1.021e+06  7.883e+05  8.336e+05  4.391e+05
 3005.000  1.005e+06  7.639e+05  8.079e+05  4.249e+05
 3015.000  9.995e+05  7.731e+05  8.174e+05  4.323e+05
 3025.000  9.846e+05  7.526e+05  7.961e+05  4.174e+05
 3035.000  9.703e+05  7.519e+05  7.950e+05  4.201e+05
 3045.000  9.549e+05  7.284e+05  7.696e+05  4.108e+05
 3055.000  9.503e+05  7.343e+05  7.762e+05  4.116e+05
 3065.000  9.365e+05  7.235e+05  7.646e+05  4.069e+05
 3075.000  9.280e+05  7.144e+05  7.550e+05  4.018e+05
 3085.000  9.108e+05  7.010e+05  7.404e+05  3.970e+05
 3095.000  9.009e+05  6.918e+05  7.308e+05  3.916e+05
 3105.000  8.951e+05  6.939e+05  7.329e+05  3.929e+05
 3115.000  8.730e+05  6.729e+05  7.103e+05  3.852e+05
 3125.000  8.730e+05  6.777e+05  7.156e+05  3.857e+05
 3135.000  8.566e+05  6.570e+05  6.932e+05  3.782e+05
 3145.000  8.519e+05  6.595e+05  6.962e+05  3.771e+05
 3155.000  8.380e+05  6.502e+05  6.863e+05  3.727e+05
 3165.000  8.309e+05  6.481e+05  6.840e+05  3.719e+05
 3175.000  8.197e+05  6.358e+05  6.709e+05  3.660e+05
 3185.000  8.098e+05  6.299e+05  6.643e+05  3.654e+05
 3195.000  8.022e+05  6.230e+05  6.571e+05  3.602e+05
 3210.000  7.891e+05  6.186e+05  6.523e+05  3.584e+05
 3230.000  7.666e+05  5.978e+05  6.298e+05  3.514e+05
 3250.000  7.522e+05  5.914e+05  6.233e+05  3.466e+05
 3270.000  7.341e+05  5.777e+05  6.084e+05  3.408e+05
 3290.000  7.130e+05  5.614e+05  5.906e+05  3.358e+05
 3310.000  6.998e+05  5.545e+05  5.834e+05  3.321e+05
 3330.000  6.809e+05  5.386e+05  5.661e+05  3.265e+05
 3350.000  6.696e+05  5.311e+05  5.583e+05  3.213e+05
 3370.000  6.552e+05  5.231e+05  5.498e+05  3.181e+05
 3390.000  6.357e+05  5.052e+05  5.303e+05  3.125e+05
 3410.000  6.238e+05  4.991e+05  5.239e+05  3.083e+05
 3430.000  6.137e+05  4.943e+05  5.186e+05  3.070e+05
 3450.000  5.974e+05  4.764e+05  4.995e+05  2.982e+05
 3470.000  5.867e+05  4.734e+05  4.960e+05  2.987e+05
 3490.000  5.751e+05  4.646e+05  4.870e+05  2.926e+05
 3510.000  5.612e+05  4.517e+05  4.729e+05  2.885e+05
 3530.000  5.481e+05  4.429e+05  4.635e+05  2.841e+05
 3550.001  5.389e+05  4.378e+05  4.580e+05  2.822e+05
 3570.001  5.252e+05  4.248e+05  4.441e+05  2.762e+05
 3590.001  5.140e+05  4.172e+05  4.359e+05  2.731e+05
 3610.001  5.063e+05  4.138e+05  4.323e+05  2.717e+05
 3630.001  4.941e+05  4.019e+05  4.195e+05  2.658e+05
 3650.001  4.823e+05  3.944e+05  4.115e+05  2.624e+05
 3670.001  4.721e+05  3.870e+05  4.035e+05  2.594e+05
 3690.001  4.602e+05  3.786e+05  3.946e+05  2.561e+05
 3710.001  4.495e+05  3.691e+05  3.844e+05  2.514e+05
 3730.001  4.436e+05  3.646e+05  3.797e+05  2.487e+05
 3750.001  4.323e+05  3.593e+05  3.737e+05  2.481e+05
 3770.001  4.254e+05  3.494e+05  3.635e+05  2.406e+05
 3790.001  4.178e+05  3.468e+05  3.604e+05  2.417e+05
 3810.001  4.094e+05  3.381e+05  3.514e+05  2.357e+05
 3830.001  4.028e+05  3.325e+05  3.457e+05  2.313e+05
 3850.001  3.950e+05  3.264e+05  3.391e+05  2.293e+05
 3870.001  3.864e+05  3.208e+05  3.330e+05  2.269e+05
 3890.001  3.784e+05  3.135e+05  3.255e+05  2.213e+05
 3910.001  3.725e+05  3.085e+05  3.203e+05  2.181e+05
 3930.001  3.651e+05  3.027e+05  3.141e+05  2.148e+05
 3950.001  3.571e+05  2.975e+05  3.087e+05  2.117e+05
 3970.001  3.511e+05  2.920e+05  3.030e+05  2.070e+05
 3990.001  3.410e+05  2.814e+05  2.922e+05  1.985e+05
 4010.001  3.371e+05  2.800e+05  2.906e+05  1.977e+05
 4030.001  3.316e+05  2.752e+05  2.857e+05  1.942e+05
 4050.001  3.234e+05  2.672e+05  2.776e+05  1.870e+05
 4070.001  3.178e+05  2.619e+05  2.722e+05  1.831e+05
 4090.001  3.133e+05  2.586e+05  2.689e+05  1.790e+05
 4110.001  3.072e+05  2.537e+05  2.637e+05  1.773e+05
 4130.001  3.023e+05  2.490e+05  2.589e+05  1.732e+05
 4150.001  2.960e+05  2.448e+05  2.544e+05  1.714e+05
 4170.001  2.905e+05  2.387e+05  2.481e+05  1.659e+05
 4190.001  2.852e+05  2.358e+05  2.449e+05  1.651e+05
 4210.001  2.776e+05  2.288e+05  2.377e+05  1.607e+05
 4230.001  2.761e+05  2.283e+05  2.372e+05  1.603e+05
 4250.001  2.698e+05  2.224e+05  2.312e+05  1.549e+05
 4270.001  2.659e+05  2.193e+05  2.279e+05  1.531e+05
 4290.001  2.537e+05  2.095e+05  2.173e+05  1.494e+05
 4310.001  2.437e+05  1.984e+05  2.056e+05  1.429e+05
 4330.001  2.433e+05  1.989e+05  2.062e+05  1.422e+05
 4350.001  2.318e+05  1.888e+05  1.955e+05  1.372e+05
 4370.001  2.262e+05  1.833e+05  1.897e+05  1.338e+05
 4390.001  2.237e+05  1.803e+05  1.866e+05  1.316e+05
 4410.001  2.123e+05  1.721e+05  1.778e+05  1.281e+05
 4430.001  2.108e+05  1.697e+05  1.754e+05  1.253e+05
 4450.001  2.076e+05  1.669e+05  1.726e+05  1.236e+05
 4470.001  1.985e+05  1.604e+05  1.656e+05  1.206e+05
 4490.001  1.989e+05  1.598e+05  1.651e+05  1.190e+05
 4510.001  1.943e+05  1.557e+05  1.607e+05  1.167e+05
 4530.001  1.874e+05  1.515e+05  1.563e+05  1.147e+05
 4550.001  1.873e+05  1.509e+05  1.558e+05  1.133e+05
 4570.001  1.856e+05  1.495e+05  1.544e+05  1.117e+05
 4590.001  1.779e+05  1.442e+05  1.487e+05  1.095e+05
 4610.001  1.784e+05  1.443e+05  1.489e+05  1.083e+05
 4630.001  1.752e+05  1.417e+05  1.463e+05  1.065e+05
 4650.001  1.729e+05  1.407e+05  1.452e+05  1.056e+05
 4670.001  1.712e+05  1.394e+05  1.440e+05  1.039e+05
 4690.001  1.689e+05  1.372e+05  1.417e+05  1.025e+05
 4710.001  1.654e+05  1.348e+05  1.392e+05  1.011e+05
 4730.001  1.652e+05  1.346e+05  1.391e+05  9.982e+04
 4750.001  1.617e+05  1.317e+05  1.360e+05  9.823e+04
 4770.001  1.593e+05  1.296e+05  1.339e+05  9.624e+04
 4790.001  1.572e+05  1.284e+05  1.327e+05  9.545e+04
 4810.001  1.536e+05  1.250e+05  1.292e+05  9.322e+04
 4830.001  1.539e+05  1.257e+05  1.300e+05  9.302e+04
 4850.001  1.508e+05  1.231e+05  1.273e+05  9.090e+04
 4870.001  1.478e+05  1.203e+05  1.244e+05  8.931e+04
 4890.001  1.460e+05  1.187e+05  1.227e+05  8.790e+04
 4910.001  1.439e+05  1.178e+05  1.217e+05  8.753e+04
 4930.001  1.416e+05  1.152e+05  1.191e+05  8.525e+04
 4950.001  1.393e+05  1.135e+05  1.173e+05  8.453e+04
 4970.001  1.377e+05  1.123e+05  1.161e+05  8.305e+04
 4990.001  1.358e+05  1.110e+05  1.147e+05  8.216e+04
 5010.001  1.326e+05  1.079e+05  1.114e+05  8.039e+04
 5030.001  1.322e+05  1.076e+05  1.113e+05  7.921e+04
 5050.001  1.294e+05  1.055e+05  1.091e+05  7.825e+04
 5070.001  1.279e+05  1.046e+05  1.081e+05  7.732e+04
 5090.001  1.264e+05  1.030e+05  1.065e+05  7.603e+04
 5110.001  1.238e+05  1.011e+05  1.045e+05  7.519e+04
 5130.001  1.229e+05  1.006e+05  1.040e+05  7.397e+04
 5150.001  1.208e+05  9.891e+04  1.022e+05  7.335e+04
 5170.001  1.201e+05  9.780e+04  1.012e+05  7.169e+04
 5190.001  1.176e+05  9.622e+04  9.949e+04  7.104e+04
 5210.001  1.161e+05  9.531e+04  9.855e+04  7.038e+04
 5230.001  1.142e+05  9.357e+04  9.675e+04  6.911e+04
 5250.001  1.133e+05  9.260e+04  9.579e+04  6.803e+04
 5270.001  1.123e+05  9.210e+04  9.529e+04  6.749e+04
 5290.001  1.095e+05  8.975e+04  9.281e+04  6.613e+04
 5310.001  1.084e+05  8.902e+04  9.204e+04  6.572e+04
 5330.001  1.071e+05  8.774e+04  9.076e+04  6.453e+04
 5350.001  1.058e+05  8.686e+04  8.985e+04  6.380e+04
 5370.001  1.044e+05  8.571e+04  8.868e+04  6.279e+04
 5390.001  1.032e+05  8.496e+04  8.788e+04  6.246e+04
 5410.001  1.018e+05  8.372e+04  8.665e+04  6.122e+04
 5430.001  9.976e+04  8.170e+04  8.453e+04  5.986e+04
 5450.001  9.924e+04  8.172e+04  8.456e+04  5.988e+04
 5470.001  9.773e+04  8.049e+04  8.327e+04  5.903e+04
 5490.001  9.636e+04  7.950e+04  8.224e+04  5.840e+04
 5510.001  9.527e+04  7.850e+04  8.122e+04  5.753e+04
 5530.001  9.479e+04  7.826e+04  8.105e+04  5.679e+04
 5550.001  9.249e+04  7.620e+04  7.885e+04  5.577e+04
 5570.001  9.222e+04  7.601e+04  7.870e+04  5.528e+04
 5590.001  9.044e+04  7.494e+04  7.753e+04  5.495e+04
 5610.001  8.949e+04  7.396e+04  7.655e+04  5.403e+04
 5630.001  8.809e+04  7.279e+04  7.532e+04  5.331e+04
 5650.001  8.747e+04  7.237e+04  7.492e+04  5.276e+04
 5670.001  8.636e+04  7.142e+04  7.394e+04  5.198e+04
 5690.001  8.472e+04  7.004e+04  7.250e+04  5.109e+04
 5710.001  8.424e+04  6.987e+04  7.233e+04  5.092e+04
 5730.001  8.311e+04  6.867e+04  7.112e+04  4.980e+04
 5750.001  8.207e+04  6.834e+04  7.070e+04  5.012e+04
 5770.001  8.090e+04  6.712e+04  6.948e+04  4.900e+04
 5790.001  8.017e+04  6.647e+04  6.884e+04  4.818e+04
 5810.001  7.889e+04  6.568e+04  6.796e+04  4.811e+04
 5830.001  7.798e+04  6.473e+04  6.701e+04  4.713e+04
 5850.001  7.714e+04  6.411e+04  6.637e+04  4.666e+04
 5870.001  7.593e+04  6.322e+04  6.542e+04  4.626e+04
 5890.001  7.497e+04  6.254e+04  6.471e+04  4.586e+04
 5910.001  7.426e+04  6.182e+04  6.399e+04  4.515e+04
 5930.001  7.332e+04  6.120e+04  6.332e+04  4.484e+04
 5950.001  7.225e+04  6.037e+04  6.246e+04  4.426e+04
 5970.001  7.162e+04  5.974e+04  6.183e+04  4.371e+04
 5990.001  7.072e+04  5.911e+04  6.117e+04  4.330e+04
 6010.001  6.982e+04  5.856e+04  6.056e+04  4.321e+04
