# 0=Wavelength (micron), 1=Wavelength half-width (micron), 2=Contrast, 3=contrast err
0.862450 0.004876 0.511988 0.015086
0.872217 0.004891 0.488999 0.014648
0.882013 0.004905 0.505774 0.015306
0.891835 0.005030 0.476448 0.014248
0.902134 0.005269 0.481087 0.015019
0.912911 0.005396 0.469627 0.013043
0.923719 0.005411 0.473186 0.013164
0.934557 0.005426 0.445911 0.013044
0.945425 0.005441 0.438652 0.012643
0.956321 0.005456 0.460646 0.011755
0.967247 0.005470 0.470348 0.012232
0.978200 0.005483 0.447631 0.012074
0.989180 0.005497 0.466443 0.011759
1.000187 0.005510 0.442485 0.011854
1.011221 0.005638 0.435552 0.011484
1.022741 0.005882 0.438596 0.012001
1.034750 0.006012 0.435270 0.011818
1.046788 0.006026 0.455390 0.010473
1.058854 0.006040 0.429442 0.011182
1.070947 0.006053 0.411905 0.010601
1.083066 0.006066 0.226954 0.010897
1.095211 0.006079 0.407156 0.010773
1.107381 0.006091 0.416797 0.010160
1.119575 0.006221 0.406912 0.009461
1.132263 0.006468 0.396718 0.010351
1.145448 0.006599 0.406052 0.010273
1.158659 0.006612 0.403432 0.009792
1.171894 0.006624 0.401309 0.009674
1.185154 0.006636 0.393813 0.009745
1.198438 0.006648 0.399350 0.010259
1.211745 0.006659 0.395135 0.009914
1.225073 0.006670 0.386731 0.009656
1.238423 0.006800 0.388229 0.009927
1.252272 0.007049 0.382297 0.010281
1.266621 0.007180 0.394371 0.010032
1.280992 0.007191 0.373817 0.009942
1.295384 0.007201 0.384148 0.010040
1.309797 0.007211 0.379825 0.009780
1.324229 0.007221 0.353758 0.009782
1.338680 0.007351 0.385837 0.009663
1.353632 0.007601 0.363256 0.009694
1.369086 0.007732 0.353992 0.009784
1.384558 0.007741 0.340108 0.009495
1.400048 0.007749 0.361493 0.010060
1.415556 0.007758 0.362331 0.010091
1.431080 0.007766 0.343570 0.010435
1.446619 0.007895 0.350652 0.010157
1.462659 0.008146 0.334508 0.010769
1.479201 0.008275 0.352962 0.010865
1.495758 0.008282 0.344971 0.010672
1.512328 0.008289 0.340383 0.011150
1.528912 0.008295 0.342495 0.010956
1.545508 0.008301 0.305158 0.012217
1.562116 0.008429 0.325002 0.011767
1.579223 0.008679 0.310219 0.012045
1.596830 0.008806 0.278177 0.012308
1.614448 0.008811 0.317907 0.013059
1.632075 0.008816 0.289441 0.012225
1.649710 0.008942 0.264430 0.013262
1.667845 0.009192 0.280962 0.013487
1.686477 0.009318 0.259693 0.013261
1.705117 0.009322 0.264908 0.014040
1.723763 0.009325 0.271445 0.014497
1.742415 0.009327 0.262856 0.013283
1.761073 0.009453 0.279618 0.013838
1.780226 0.009701 0.274265 0.014716
1.799875 0.009825 0.292088 0.015226
1.819528 0.009827 0.270228 0.014438
1.839184 0.009829 0.284754 0.015874
1.858843 0.009953 0.309915 0.015977
1.878995 0.010200 0.241815 0.016531
1.899641 0.010323 0.300115 0.016400
1.920289 0.010324 0.255782 0.016961
1.940938 0.010325 0.293179 0.018941
1.961588 0.010448 0.279628 0.016780
1.982730 0.010694 0.330497 0.018953
2.004364 0.010817 0.278304 0.017913
2.025999 0.010817 0.291380 0.018963
2.047633 0.010940 0.283404 0.019140
2.069760 0.011186 0.230914 0.020896
2.092379 0.011310 0.278233 0.019909
2.114999 0.011310 0.285771 0.021414
2.137619 0.011310 0.227055 0.021068
2.160240 0.011434 0.224804 0.024059
2.183355 0.011681 0.247987 0.022719
2.206964 0.011805 0.301577 0.021682
2.230576 0.011807 0.238890 0.022051
2.254192 0.011932 0.279914 0.023770
2.278304 0.012181 0.229721 0.026163
2.302915 0.012307 0.261143 0.026638
2.327533 0.012311 0.265972 0.025316
2.352161 0.012439 0.253720 0.026083
2.377291 0.012692 0.302923 0.027892
2.402928 0.012822 0.278202 0.028194
2.428579 0.012830 0.266909 0.028886
2.454248 0.012963 0.286427 0.030869
2.480430 0.013221 0.288429 0.031292
2.507130 0.013356 0.247449 0.032750
2.533856 0.013370 0.275985 0.032644
2.560612 0.013510 0.260348 0.042841
2.587897 0.013776 0.257366 0.035989
2.615716 0.013921 0.255143 0.034332
2.643579 0.013943 0.249693 0.034906
2.671488 0.014093 0.248083 0.037205
2.699949 0.014370 0.241067 0.036545
2.728969 0.014526 0.288418 0.040872
2.758054 0.014560 0.208064 0.045104