# 0=Wavelength (micron), 1=Flux at earth (erg/s/cm2/micron), 2=Flux uncertainty
0.848097 0.00000000191308 0.00000000001913
0.848981 0.00000000190383 0.00000000001904
0.849862 0.00000000189463 0.00000000001895
0.850745 0.00000000188551 0.00000000001886
0.851629 0.00000000186278 0.00000000001863
0.852513 0.00000000185344 0.00000000001854
0.853396 0.00000000184075 0.00000000001841
0.854280 0.00000000173079 0.00000000001731
0.855164 0.00000000177695 0.00000000001777
0.856047 0.00000000187347 0.00000000001874
0.856932 0.00000000189609 0.00000000001896
0.857817 0.00000000190119 0.00000000001901
0.858702 0.00000000189542 0.00000000001896
0.859587 0.00000000190529 0.00000000001905
0.860474 0.00000000189844 0.00000000001899
0.861360 0.00000000189169 0.00000000001892
0.862246 0.00000000188700 0.00000000001887
0.863132 0.00000000191525 0.00000000001915
0.864019 0.00000000189898 0.00000000001899
0.864905 0.00000000188792 0.00000000001888
0.865792 0.00000000182520 0.00000000001825
0.866680 0.00000000173225 0.00000000001732
0.867567 0.00000000179139 0.00000000001792
0.868454 0.00000000182608 0.00000000001826
0.869343 0.00000000183047 0.00000000001831
0.870230 0.00000000184036 0.00000000001841
0.871120 0.00000000185722 0.00000000001857
0.872008 0.00000000186291 0.00000000001863
0.872897 0.00000000186910 0.00000000001869
0.873785 0.00000000186728 0.00000000001867
0.874675 0.00000000186043 0.00000000001861
0.875565 0.00000000185402 0.00000000001854
0.876455 0.00000000185108 0.00000000001851
0.877345 0.00000000185467 0.00000000001855
0.878234 0.00000000184283 0.00000000001843
0.879126 0.00000000184779 0.00000000001848
0.880016 0.00000000187780 0.00000000001878
0.880906 0.00000000181279 0.00000000001813
0.881798 0.00000000181988 0.00000000001820
0.882689 0.00000000183692 0.00000000001837
0.883581 0.00000000184413 0.00000000001844
0.884474 0.00000000184350 0.00000000001844
0.885366 0.00000000185024 0.00000000001850
0.886258 0.00000000184882 0.00000000001849
0.887151 0.00000000182086 0.00000000001821
0.888044 0.00000000182416 0.00000000001824
0.888936 0.00000000184438 0.00000000001845
0.889829 0.00000000183138 0.00000000001832
0.890722 0.00000000183592 0.00000000001836
0.891615 0.00000000183140 0.00000000001832
0.892510 0.00000000181388 0.00000000001814
0.893405 0.00000000181298 0.00000000001813
0.894298 0.00000000182334 0.00000000001823
0.895193 0.00000000179879 0.00000000001799
0.896088 0.00000000180952 0.00000000001810
0.896983 0.00000000181982 0.00000000001820
0.897878 0.00000000180730 0.00000000001807
0.898773 0.00000000179470 0.00000000001795
0.899669 0.00000000180185 0.00000000001802
0.900564 0.00000000177286 0.00000000001773
0.901462 0.00000000175364 0.00000000001754
0.902357 0.00000000173771 0.00000000001738
0.903255 0.00000000176288 0.00000000001763
0.904150 0.00000000178498 0.00000000001785
0.905048 0.00000000179631 0.00000000001796
0.905945 0.00000000179117 0.00000000001791
0.906843 0.00000000177457 0.00000000001775
0.907741 0.00000000177583 0.00000000001776
0.908637 0.00000000175440 0.00000000001755
0.909536 0.00000000173395 0.00000000001734
0.910434 0.00000000174690 0.00000000001747
0.911332 0.00000000176387 0.00000000001764
0.912232 0.00000000175038 0.00000000001751
0.913130 0.00000000176208 0.00000000001762
0.914030 0.00000000176501 0.00000000001765
0.914930 0.00000000174443 0.00000000001745
0.915828 0.00000000174058 0.00000000001741
0.916729 0.00000000173784 0.00000000001738
0.917629 0.00000000172615 0.00000000001726
0.918529 0.00000000173023 0.00000000001730
0.919429 0.00000000172785 0.00000000001728
0.920330 0.00000000172248 0.00000000001723
0.921232 0.00000000170649 0.00000000001707
0.922132 0.00000000168977 0.00000000001690
0.923033 0.00000000169349 0.00000000001694
0.923934 0.00000000169523 0.00000000001695
0.924836 0.00000000168843 0.00000000001689
0.925739 0.00000000167615 0.00000000001676
0.926641 0.00000000165853 0.00000000001659
0.927542 0.00000000169376 0.00000000001694
0.928445 0.00000000170448 0.00000000001705
0.929348 0.00000000169338 0.00000000001694
0.930250 0.00000000168544 0.00000000001686
0.931153 0.00000000169285 0.00000000001693
0.932058 0.00000000168657 0.00000000001687
0.932961 0.00000000168816 0.00000000001688
0.933866 0.00000000168373 0.00000000001684
0.934769 0.00000000167696 0.00000000001677
0.935674 0.00000000167207 0.00000000001672
0.936577 0.00000000166644 0.00000000001667
0.937483 0.00000000166305 0.00000000001663
0.938388 0.00000000166513 0.00000000001665
0.939292 0.00000000166135 0.00000000001661
0.940198 0.00000000164740 0.00000000001648
0.941102 0.00000000162708 0.00000000001627
0.942008 0.00000000160858 0.00000000001609
0.942915 0.00000000161131 0.00000000001611
0.943821 0.00000000162328 0.00000000001623
0.944726 0.00000000162563 0.00000000001626
0.945633 0.00000000161940 0.00000000001620
0.946539 0.00000000162728 0.00000000001627
0.947447 0.00000000163955 0.00000000001640
0.948354 0.00000000164594 0.00000000001646
0.949262 0.00000000164658 0.00000000001647
0.950168 0.00000000163480 0.00000000001635
0.951076 0.00000000162847 0.00000000001629
0.951984 0.00000000162778 0.00000000001628
0.952892 0.00000000162072 0.00000000001621
0.953801 0.00000000161870 0.00000000001619
0.954709 0.00000000161481 0.00000000001615
0.955618 0.00000000160384 0.00000000001604
0.956526 0.00000000161235 0.00000000001612
0.957434 0.00000000160808 0.00000000001608
0.958344 0.00000000160410 0.00000000001604
0.959255 0.00000000161706 0.00000000001617
0.960164 0.00000000160639 0.00000000001606
0.961073 0.00000000159987 0.00000000001600
0.961983 0.00000000160528 0.00000000001605
0.962894 0.00000000160744 0.00000000001608
0.963804 0.00000000158833 0.00000000001588
0.964715 0.00000000157517 0.00000000001575
0.965627 0.00000000157622 0.00000000001576
0.966536 0.00000000156653 0.00000000001567
0.967449 0.00000000158098 0.00000000001581
0.968359 0.00000000157364 0.00000000001574
0.969272 0.00000000157055 0.00000000001571
0.970183 0.00000000157382 0.00000000001574
0.971096 0.00000000156548 0.00000000001566
0.972006 0.00000000156923 0.00000000001569
0.972921 0.00000000156335 0.00000000001563
0.973832 0.00000000155487 0.00000000001555
0.974745 0.00000000155024 0.00000000001550
0.975658 0.00000000155855 0.00000000001559
0.976570 0.00000000155877 0.00000000001559
0.977484 0.00000000154891 0.00000000001549
0.978399 0.00000000154698 0.00000000001547
0.979312 0.00000000153442 0.00000000001535
0.980225 0.00000000154488 0.00000000001545
0.981139 0.00000000155375 0.00000000001554
0.982054 0.00000000155606 0.00000000001556
0.982969 0.00000000155050 0.00000000001551
0.983884 0.00000000154378 0.00000000001544
0.984798 0.00000000155074 0.00000000001551
0.985713 0.00000000154742 0.00000000001548
0.986629 0.00000000154918 0.00000000001549
0.987544 0.00000000153795 0.00000000001538
0.988460 0.00000000153769 0.00000000001538
0.989376 0.00000000152930 0.00000000001529
0.990291 0.00000000153146 0.00000000001532
0.991208 0.00000000152888 0.00000000001529
0.992124 0.00000000152106 0.00000000001521
0.993040 0.00000000151267 0.00000000001513
0.993956 0.00000000151395 0.00000000001514
0.994873 0.00000000151845 0.00000000001519
0.995792 0.00000000151499 0.00000000001515
0.996709 0.00000000151668 0.00000000001517
0.997625 0.00000000151358 0.00000000001514
0.998543 0.00000000151443 0.00000000001515
0.999462 0.00000000150365 0.00000000001504
1.000379 0.00000000150274 0.00000000001503
1.001296 0.00000000150584 0.00000000001506
1.002216 0.00000000150707 0.00000000001507
1.003134 0.00000000149868 0.00000000001499
1.004052 0.00000000148558 0.00000000001486
1.004972 0.00000000148374 0.00000000001484
1.005890 0.00000000147146 0.00000000001472
1.006811 0.00000000147045 0.00000000001471
1.007729 0.00000000148480 0.00000000001485
1.008649 0.00000000149189 0.00000000001492
1.009568 0.00000000149487 0.00000000001495
1.010489 0.00000000148964 0.00000000001490
1.011409 0.00000000148866 0.00000000001489
1.012328 0.00000000148375 0.00000000001484
1.013250 0.00000000147756 0.00000000001478
1.014171 0.00000000147715 0.00000000001477
1.015091 0.00000000147577 0.00000000001476
1.016012 0.00000000147147 0.00000000001472
1.016933 0.00000000147502 0.00000000001475
1.017853 0.00000000147271 0.00000000001473
1.018776 0.00000000147386 0.00000000001474
1.019697 0.00000000147233 0.00000000001472
1.020620 0.00000000146057 0.00000000001461
1.021543 0.00000000145968 0.00000000001460
1.022465 0.00000000145362 0.00000000001454
1.023388 0.00000000145527 0.00000000001455
1.024310 0.00000000148154 0.00000000001482
1.025231 0.00000000145656 0.00000000001457
1.026154 0.00000000145309 0.00000000001453
1.027077 0.00000000144910 0.00000000001449
1.028000 0.00000000144545 0.00000000001446
1.028924 0.00000000144656 0.00000000001447
1.029849 0.00000000144106 0.00000000001441
1.030773 0.00000000144192 0.00000000001442
1.031698 0.00000000143441 0.00000000001435
1.032621 0.00000000143157 0.00000000001432
1.033545 0.00000000141255 0.00000000001413
1.034468 0.00000000140606 0.00000000001406
1.035393 0.00000000140316 0.00000000001403
1.036319 0.00000000142213 0.00000000001422
1.037244 0.00000000141173 0.00000000001412
1.038168 0.00000000141402 0.00000000001414
1.039093 0.00000000141439 0.00000000001414
1.040020 0.00000000140379 0.00000000001404
1.040945 0.00000000140733 0.00000000001407
1.041870 0.00000000141726 0.00000000001417
1.042798 0.00000000140936 0.00000000001409
1.043723 0.00000000141352 0.00000000001414
1.044651 0.00000000140980 0.00000000001410
1.045576 0.00000000140625 0.00000000001406
1.046502 0.00000000139689 0.00000000001397
1.047430 0.00000000139052 0.00000000001391
1.048356 0.00000000140173 0.00000000001402
1.049284 0.00000000139309 0.00000000001393
1.050212 0.00000000138823 0.00000000001388
1.051138 0.00000000139925 0.00000000001399
1.052067 0.00000000137407 0.00000000001374
1.052994 0.00000000139208 0.00000000001392
1.053923 0.00000000137896 0.00000000001379
1.054851 0.00000000138410 0.00000000001384
1.055777 0.00000000138379 0.00000000001384
1.056707 0.00000000137122 0.00000000001371
1.057636 0.00000000136557 0.00000000001366
1.058564 0.00000000135298 0.00000000001353
1.059493 0.00000000135267 0.00000000001353
1.060423 0.00000000135873 0.00000000001359
1.061352 0.00000000135582 0.00000000001356
1.062282 0.00000000135582 0.00000000001356
1.063210 0.00000000136308 0.00000000001363
1.064140 0.00000000137030 0.00000000001370
1.065070 0.00000000136265 0.00000000001363
1.066000 0.00000000134736 0.00000000001347
1.066931 0.00000000132841 0.00000000001328
1.067861 0.00000000134105 0.00000000001341
1.068792 0.00000000133433 0.00000000001334
1.069723 0.00000000131498 0.00000000001315
1.070654 0.00000000133532 0.00000000001335
1.071585 0.00000000134396 0.00000000001344
1.072515 0.00000000133409 0.00000000001334
1.073446 0.00000000130687 0.00000000001307
1.074377 0.00000000131734 0.00000000001317
1.075308 0.00000000131402 0.00000000001314
1.076241 0.00000000132230 0.00000000001322
1.077175 0.00000000132409 0.00000000001324
1.078106 0.00000000131533 0.00000000001315
1.079039 0.00000000129199 0.00000000001292
1.079970 0.00000000130214 0.00000000001302
1.080902 0.00000000130131 0.00000000001301
1.081836 0.00000000127011 0.00000000001270
1.082769 0.00000000125924 0.00000000001259
1.083701 0.00000000123908 0.00000000001239
1.084633 0.00000000127226 0.00000000001272
1.085569 0.00000000129164 0.00000000001292
1.086500 0.00000000128738 0.00000000001287
1.087433 0.00000000126090 0.00000000001261
1.088369 0.00000000127422 0.00000000001274
1.089302 0.00000000127581 0.00000000001276
1.090237 0.00000000128392 0.00000000001284
1.091170 0.00000000128862 0.00000000001289
1.092106 0.00000000128060 0.00000000001281
1.093039 0.00000000127683 0.00000000001277
1.093975 0.00000000126682 0.00000000001267
1.094908 0.00000000125602 0.00000000001256
1.095844 0.00000000125674 0.00000000001257
1.096779 0.00000000124230 0.00000000001242
1.097715 0.00000000124787 0.00000000001248
1.098649 0.00000000123510 0.00000000001235
1.099585 0.00000000125069 0.00000000001251
1.100522 0.00000000124890 0.00000000001249
1.101456 0.00000000124529 0.00000000001245
1.102392 0.00000000123110 0.00000000001231
1.103330 0.00000000124881 0.00000000001249
1.104267 0.00000000124836 0.00000000001248
1.105202 0.00000000125392 0.00000000001254
1.106138 0.00000000125284 0.00000000001253
1.107076 0.00000000125271 0.00000000001253
1.108013 0.00000000125144 0.00000000001252
1.108948 0.00000000125147 0.00000000001252
1.109886 0.00000000125013 0.00000000001250
1.110823 0.00000000125143 0.00000000001251
1.111761 0.00000000123636 0.00000000001236
1.112699 0.00000000122245 0.00000000001223
1.113637 0.00000000122992 0.00000000001230
1.114576 0.00000000123527 0.00000000001235
1.115513 0.00000000122557 0.00000000001226
1.116451 0.00000000122705 0.00000000001227
1.117390 0.00000000123092 0.00000000001231
1.118328 0.00000000122631 0.00000000001226
1.119267 0.00000000121389 0.00000000001214
1.120205 0.00000000120572 0.00000000001206
1.121145 0.00000000122402 0.00000000001224
1.122083 0.00000000123134 0.00000000001231
1.123022 0.00000000122358 0.00000000001224
1.123961 0.00000000121830 0.00000000001218
1.124900 0.00000000120933 0.00000000001209
1.125839 0.00000000118625 0.00000000001186
1.126781 0.00000000121035 0.00000000001210
1.127720 0.00000000121943 0.00000000001219
1.128660 0.00000000121471 0.00000000001215
1.129599 0.00000000120064 0.00000000001201
1.130539 0.00000000120596 0.00000000001206
1.131481 0.00000000121010 0.00000000001210
1.132421 0.00000000120267 0.00000000001203
1.133361 0.00000000120129 0.00000000001201
1.134304 0.00000000119328 0.00000000001193
1.135244 0.00000000119351 0.00000000001194
1.136183 0.00000000119190 0.00000000001192
1.137127 0.00000000118832 0.00000000001188
1.138067 0.00000000117040 0.00000000001170
1.139008 0.00000000116487 0.00000000001165
1.139951 0.00000000115951 0.00000000001160
1.140891 0.00000000115503 0.00000000001155
1.141834 0.00000000116001 0.00000000001160
1.142775 0.00000000116674 0.00000000001167
1.143719 0.00000000117663 0.00000000001177
1.144660 0.00000000117701 0.00000000001177
1.145603 0.00000000118375 0.00000000001184
1.146544 0.00000000118891 0.00000000001189
1.147489 0.00000000117527 0.00000000001175
1.148430 0.00000000116807 0.00000000001168
1.149374 0.00000000116952 0.00000000001170
1.150318 0.00000000117018 0.00000000001170
1.151259 0.00000000117225 0.00000000001172
1.152204 0.00000000117514 0.00000000001175
1.153148 0.00000000117156 0.00000000001172
1.154090 0.00000000117113 0.00000000001171
1.155035 0.00000000117412 0.00000000001174
1.155979 0.00000000116838 0.00000000001168
1.156921 0.00000000116683 0.00000000001167
1.157866 0.00000000115903 0.00000000001159
1.158811 0.00000000115374 0.00000000001154
1.159756 0.00000000113173 0.00000000001132
1.160698 0.00000000112913 0.00000000001129
1.161644 0.00000000112439 0.00000000001124
1.162588 0.00000000113996 0.00000000001140
1.163534 0.00000000114375 0.00000000001144
1.164480 0.00000000113568 0.00000000001136
1.165425 0.00000000114112 0.00000000001141
1.166370 0.00000000114211 0.00000000001142
1.167316 0.00000000114313 0.00000000001143
1.168259 0.00000000113447 0.00000000001135
1.169205 0.00000000111980 0.00000000001120
1.170151 0.00000000113199 0.00000000001132
1.171097 0.00000000113980 0.00000000001140
1.172043 0.00000000114635 0.00000000001146
1.172989 0.00000000114424 0.00000000001144
1.173935 0.00000000113999 0.00000000001140
1.174881 0.00000000113241 0.00000000001132
1.175831 0.00000000112169 0.00000000001122
1.176777 0.00000000111456 0.00000000001115
1.177723 0.00000000110610 0.00000000001106
1.178670 0.00000000110575 0.00000000001106
1.179617 0.00000000110922 0.00000000001109
1.180563 0.00000000111541 0.00000000001115
1.181510 0.00000000111480 0.00000000001115
1.182457 0.00000000108224 0.00000000001082
1.183407 0.00000000106050 0.00000000001061
1.184354 0.00000000109454 0.00000000001095
1.185301 0.00000000110825 0.00000000001108
1.186249 0.00000000110521 0.00000000001105
1.187199 0.00000000110370 0.00000000001104
1.188146 0.00000000107341 0.00000000001073
1.189093 0.00000000107157 0.00000000001072
1.190041 0.00000000109227 0.00000000001092
1.190991 0.00000000110487 0.00000000001105
1.191939 0.00000000110444 0.00000000001104
1.192886 0.00000000109844 0.00000000001098
1.193838 0.00000000110957 0.00000000001110
1.194785 0.00000000108943 0.00000000001089
1.195736 0.00000000109007 0.00000000001090
1.196684 0.00000000108223 0.00000000001082
1.197632 0.00000000105024 0.00000000001050
1.198583 0.00000000104282 0.00000000001043
1.199531 0.00000000104755 0.00000000001048
1.200483 0.00000000106892 0.00000000001069
1.201431 0.00000000108009 0.00000000001080
1.202382 0.00000000107059 0.00000000001071
1.203331 0.00000000104431 0.00000000001044
1.204282 0.00000000106591 0.00000000001066
1.205231 0.00000000107658 0.00000000001077
1.206182 0.00000000107842 0.00000000001078
1.207134 0.00000000107498 0.00000000001075
1.208082 0.00000000104844 0.00000000001048
1.209034 0.00000000104457 0.00000000001045
1.209984 0.00000000105461 0.00000000001055
1.210936 0.00000000104579 0.00000000001046
1.211888 0.00000000105971 0.00000000001060
1.212837 0.00000000106687 0.00000000001067
1.213789 0.00000000107004 0.00000000001070
1.214741 0.00000000106529 0.00000000001065
1.215691 0.00000000106953 0.00000000001070
1.216643 0.00000000106708 0.00000000001067
1.217596 0.00000000106348 0.00000000001064
1.218548 0.00000000106022 0.00000000001060
1.219498 0.00000000106011 0.00000000001060
1.220450 0.00000000106278 0.00000000001063
1.221403 0.00000000106123 0.00000000001061
1.222356 0.00000000106226 0.00000000001062
1.223309 0.00000000105515 0.00000000001055
1.224262 0.00000000105656 0.00000000001057
1.225212 0.00000000105535 0.00000000001055
1.226164 0.00000000104998 0.00000000001050
1.227118 0.00000000103181 0.00000000001032
1.228071 0.00000000103523 0.00000000001035
1.229025 0.00000000104194 0.00000000001042
1.229978 0.00000000104074 0.00000000001041
1.230932 0.00000000104026 0.00000000001040
1.231885 0.00000000103832 0.00000000001038
1.232839 0.00000000103929 0.00000000001039
1.233793 0.00000000103243 0.00000000001032
1.234746 0.00000000103980 0.00000000001040
1.235700 0.00000000103986 0.00000000001040
1.236654 0.00000000104274 0.00000000001043
1.237608 0.00000000103602 0.00000000001036
1.238562 0.00000000102663 0.00000000001027
1.239515 0.00000000102535 0.00000000001025
1.240469 0.00000000101975 0.00000000001020
1.241423 0.00000000101479 0.00000000001015
1.242378 0.00000000101521 0.00000000001015
1.243332 0.00000000100366 0.00000000001004
1.244289 0.00000000100768 0.00000000001008
1.245243 0.00000000101839 0.00000000001018
1.246198 0.00000000101101 0.00000000001011
1.247152 0.00000000101750 0.00000000001018
1.248107 0.00000000101707 0.00000000001017
1.249062 0.00000000101342 0.00000000001013
1.250019 0.00000000101584 0.00000000001016
1.250975 0.00000000101348 0.00000000001014
1.251929 0.00000000099914 0.00000000000999
1.252884 0.00000000100255 0.00000000001003
1.253842 0.00000000100634 0.00000000001006
1.254797 0.00000000100933 0.00000000001009
1.255752 0.00000000100469 0.00000000001005
1.256710 0.00000000099068 0.00000000000991
1.257666 0.00000000100048 0.00000000001001
1.258621 0.00000000099938 0.00000000000999
1.259579 0.00000000099663 0.00000000000997
1.260534 0.00000000099987 0.00000000001000
1.261490 0.00000000099102 0.00000000000991
1.262449 0.00000000098729 0.00000000000987
1.263403 0.00000000098876 0.00000000000989
1.264362 0.00000000098051 0.00000000000981
1.265318 0.00000000098297 0.00000000000983
1.266277 0.00000000098176 0.00000000000982
1.267233 0.00000000098230 0.00000000000982
1.268189 0.00000000098429 0.00000000000984
1.269148 0.00000000098743 0.00000000000987
1.270103 0.00000000098197 0.00000000000982
1.271063 0.00000000098755 0.00000000000988
1.272019 0.00000000098845 0.00000000000988
1.272978 0.00000000098408 0.00000000000984
1.273937 0.00000000097820 0.00000000000978
1.274893 0.00000000097543 0.00000000000975
1.275853 0.00000000097664 0.00000000000977
1.276809 0.00000000097362 0.00000000000974
1.277769 0.00000000097486 0.00000000000975
1.278725 0.00000000097154 0.00000000000972
1.279684 0.00000000096582 0.00000000000966
1.280645 0.00000000095504 0.00000000000955
1.281601 0.00000000092373 0.00000000000924
1.282560 0.00000000092183 0.00000000000922
1.283520 0.00000000094635 0.00000000000946
1.284477 0.00000000095265 0.00000000000953
1.285437 0.00000000095571 0.00000000000956
1.286398 0.00000000096136 0.00000000000961
1.287357 0.00000000095610 0.00000000000956
1.288314 0.00000000094945 0.00000000000949
1.289274 0.00000000095104 0.00000000000951
1.290235 0.00000000094518 0.00000000000945
1.291195 0.00000000094027 0.00000000000940
1.292152 0.00000000094739 0.00000000000947
1.293112 0.00000000094618 0.00000000000946
1.294073 0.00000000094567 0.00000000000946
1.295034 0.00000000095131 0.00000000000951
1.295994 0.00000000094125 0.00000000000941
1.296951 0.00000000094087 0.00000000000941
1.297912 0.00000000093702 0.00000000000937
1.298872 0.00000000094066 0.00000000000941
1.299833 0.00000000094402 0.00000000000944
1.300794 0.00000000094127 0.00000000000941
1.301756 0.00000000093929 0.00000000000939
1.302717 0.00000000093661 0.00000000000937
1.303677 0.00000000093305 0.00000000000933
1.304638 0.00000000093304 0.00000000000933
1.305599 0.00000000093767 0.00000000000938
1.306561 0.00000000093241 0.00000000000932
1.307522 0.00000000093498 0.00000000000935
1.308483 0.00000000092987 0.00000000000930
1.309444 0.00000000092295 0.00000000000923
1.310406 0.00000000091588 0.00000000000916
1.311367 0.00000000091242 0.00000000000912
1.312328 0.00000000088889 0.00000000000889
1.313290 0.00000000089969 0.00000000000900
1.314251 0.00000000090803 0.00000000000908
1.315214 0.00000000088225 0.00000000000882
1.316175 0.00000000091108 0.00000000000911
1.317137 0.00000000090584 0.00000000000906
1.318098 0.00000000090565 0.00000000000906
1.319060 0.00000000091460 0.00000000000915
1.320022 0.00000000091295 0.00000000000913
1.320984 0.00000000090807 0.00000000000908
1.321949 0.00000000091397 0.00000000000914
1.322911 0.00000000091301 0.00000000000913
1.323873 0.00000000091564 0.00000000000916
1.324835 0.00000000090703 0.00000000000907
1.325797 0.00000000090605 0.00000000000906
1.326759 0.00000000089939 0.00000000000899
1.327725 0.00000000089459 0.00000000000895
1.328688 0.00000000088082 0.00000000000881
1.329649 0.00000000087737 0.00000000000877
1.330612 0.00000000089094 0.00000000000891
1.331577 0.00000000088144 0.00000000000881
1.332540 0.00000000087351 0.00000000000874
1.333502 0.00000000089602 0.00000000000896
1.334465 0.00000000089094 0.00000000000891
1.335431 0.00000000088959 0.00000000000890
1.336393 0.00000000089371 0.00000000000894
1.337356 0.00000000089198 0.00000000000892
1.338322 0.00000000088346 0.00000000000884
1.339285 0.00000000088413 0.00000000000884
1.340248 0.00000000088418 0.00000000000884
1.341214 0.00000000088363 0.00000000000884
1.342177 0.00000000087802 0.00000000000878
1.343140 0.00000000088031 0.00000000000880
1.344107 0.00000000088058 0.00000000000881
1.345069 0.00000000088398 0.00000000000884
1.346035 0.00000000088015 0.00000000000880
1.346998 0.00000000087819 0.00000000000878
1.347965 0.00000000087583 0.00000000000876
1.348929 0.00000000087398 0.00000000000874
1.349892 0.00000000086783 0.00000000000868
1.350859 0.00000000086489 0.00000000000865
1.351822 0.00000000086578 0.00000000000866
1.352789 0.00000000087009 0.00000000000870
1.353752 0.00000000086968 0.00000000000870
1.354719 0.00000000086420 0.00000000000864
1.355682 0.00000000086240 0.00000000000862
1.356649 0.00000000085509 0.00000000000855
1.357613 0.00000000085747 0.00000000000858
1.358580 0.00000000085825 0.00000000000858
1.359547 0.00000000085096 0.00000000000851
1.360510 0.00000000085447 0.00000000000855
1.361477 0.00000000085744 0.00000000000857
1.362442 0.00000000084368 0.00000000000844
1.363409 0.00000000084071 0.00000000000841
1.364376 0.00000000084510 0.00000000000845
1.365339 0.00000000084940 0.00000000000849
1.366308 0.00000000084452 0.00000000000845
1.367271 0.00000000084944 0.00000000000849
1.368239 0.00000000084103 0.00000000000841
1.369206 0.00000000084169 0.00000000000842
1.370170 0.00000000084297 0.00000000000843
1.371138 0.00000000083807 0.00000000000838
1.372105 0.00000000084402 0.00000000000844
1.373070 0.00000000084159 0.00000000000842
1.374037 0.00000000084744 0.00000000000847
1.375005 0.00000000084494 0.00000000000845
1.375973 0.00000000083774 0.00000000000838
1.376937 0.00000000084442 0.00000000000844
1.377905 0.00000000083977 0.00000000000840
1.378873 0.00000000083844 0.00000000000838
1.379841 0.00000000084625 0.00000000000846
1.380806 0.00000000083751 0.00000000000838
1.381773 0.00000000083611 0.00000000000836
1.382741 0.00000000083003 0.00000000000830
1.383709 0.00000000083495 0.00000000000835
1.384674 0.00000000083013 0.00000000000830
1.385643 0.00000000082478 0.00000000000825
1.386610 0.00000000082264 0.00000000000823
1.387579 0.00000000082692 0.00000000000827
1.388547 0.00000000082689 0.00000000000827
1.389515 0.00000000082169 0.00000000000822
1.390484 0.00000000081619 0.00000000000816
1.391449 0.00000000082248 0.00000000000823
1.392417 0.00000000082460 0.00000000000825
1.393385 0.00000000082478 0.00000000000825
1.394354 0.00000000082169 0.00000000000822
1.395323 0.00000000082229 0.00000000000822
1.396291 0.00000000082034 0.00000000000820
1.397260 0.00000000081613 0.00000000000816
1.398228 0.00000000081813 0.00000000000818
1.399197 0.00000000081309 0.00000000000813
1.400165 0.00000000079693 0.00000000000797
1.401135 0.00000000080085 0.00000000000801
1.402103 0.00000000081014 0.00000000000810
1.403072 0.00000000081322 0.00000000000813
1.404037 0.00000000081394 0.00000000000814
1.405010 0.00000000080159 0.00000000000802
1.405975 0.00000000081035 0.00000000000810
1.406948 0.00000000079971 0.00000000000800
1.407917 0.00000000079762 0.00000000000798
1.408886 0.00000000080061 0.00000000000801
1.409855 0.00000000079943 0.00000000000799
1.410824 0.00000000080119 0.00000000000801
1.411793 0.00000000079123 0.00000000000791
1.412763 0.00000000078800 0.00000000000788
1.413732 0.00000000079333 0.00000000000793
1.414701 0.00000000079467 0.00000000000795
1.415671 0.00000000079445 0.00000000000794
1.416639 0.00000000079500 0.00000000000795
1.417609 0.00000000079440 0.00000000000794
1.418579 0.00000000079257 0.00000000000793
1.419548 0.00000000078960 0.00000000000790
1.420521 0.00000000078089 0.00000000000781
1.421490 0.00000000078553 0.00000000000786
1.422460 0.00000000077854 0.00000000000779
1.423430 0.00000000077318 0.00000000000773
1.424399 0.00000000077093 0.00000000000771
1.425369 0.00000000077440 0.00000000000774
1.426342 0.00000000077740 0.00000000000777
1.427311 0.00000000077924 0.00000000000779
1.428282 0.00000000077282 0.00000000000773
1.429251 0.00000000076095 0.00000000000761
1.430221 0.00000000076826 0.00000000000768
1.431194 0.00000000077340 0.00000000000773
1.432164 0.00000000077496 0.00000000000775
1.433134 0.00000000078216 0.00000000000782
1.434105 0.00000000077028 0.00000000000770
1.435077 0.00000000077644 0.00000000000776
1.436048 0.00000000077643 0.00000000000776
1.437018 0.00000000077638 0.00000000000776
1.437988 0.00000000077519 0.00000000000775
1.438961 0.00000000076905 0.00000000000769
1.439931 0.00000000075076 0.00000000000751
1.440901 0.00000000075184 0.00000000000752
1.441876 0.00000000076518 0.00000000000765
1.442845 0.00000000076076 0.00000000000761
1.443815 0.00000000075103 0.00000000000751
1.444787 0.00000000077019 0.00000000000770
1.445760 0.00000000076147 0.00000000000762
1.446730 0.00000000076526 0.00000000000765
1.447701 0.00000000076257 0.00000000000763
1.448674 0.00000000076327 0.00000000000763
1.449645 0.00000000075795 0.00000000000758
1.450619 0.00000000074686 0.00000000000747
1.451589 0.00000000074252 0.00000000000743
1.452560 0.00000000075081 0.00000000000751
1.453535 0.00000000075668 0.00000000000757
1.454505 0.00000000074417 0.00000000000744
1.455478 0.00000000074007 0.00000000000740
1.456450 0.00000000074012 0.00000000000740
1.457421 0.00000000074289 0.00000000000743
1.458394 0.00000000075546 0.00000000000756
1.459365 0.00000000074711 0.00000000000747
1.460340 0.00000000075010 0.00000000000750
1.461311 0.00000000074781 0.00000000000748
1.462284 0.00000000074975 0.00000000000750
1.463255 0.00000000074581 0.00000000000746
1.464230 0.00000000075003 0.00000000000750
1.465201 0.00000000073445 0.00000000000734
1.466175 0.00000000073637 0.00000000000736
1.467146 0.00000000074015 0.00000000000740
1.468121 0.00000000073574 0.00000000000736
1.469092 0.00000000073489 0.00000000000735
1.470066 0.00000000073010 0.00000000000730
1.471037 0.00000000072773 0.00000000000728
1.472012 0.00000000072998 0.00000000000730
1.472983 0.00000000073609 0.00000000000736
1.473958 0.00000000073612 0.00000000000736
1.474929 0.00000000073006 0.00000000000730
1.475904 0.00000000073916 0.00000000000739
1.476876 0.00000000073663 0.00000000000737
1.477851 0.00000000073548 0.00000000000736
1.478824 0.00000000074455 0.00000000000745
1.479796 0.00000000074188 0.00000000000742
1.480772 0.00000000074259 0.00000000000743
1.481743 0.00000000073618 0.00000000000736
1.482717 0.00000000072979 0.00000000000730
1.483692 0.00000000073479 0.00000000000735
1.484663 0.00000000073293 0.00000000000733
1.485639 0.00000000072637 0.00000000000726
1.486611 0.00000000071691 0.00000000000717
1.487586 0.00000000067863 0.00000000000679
1.488561 0.00000000067129 0.00000000000671
1.489532 0.00000000070681 0.00000000000707
1.490507 0.00000000071755 0.00000000000718
1.491483 0.00000000072076 0.00000000000721
1.492455 0.00000000072696 0.00000000000727
1.493430 0.00000000072506 0.00000000000725
1.494404 0.00000000071662 0.00000000000717
1.495376 0.00000000071263 0.00000000000713
1.496352 0.00000000071329 0.00000000000713
1.497328 0.00000000071742 0.00000000000717
1.498303 0.00000000071605 0.00000000000716
1.499276 0.00000000071164 0.00000000000712
1.500251 0.00000000071795 0.00000000000718
1.501225 0.00000000069958 0.00000000000700
1.502200 0.00000000066011 0.00000000000660
1.503173 0.00000000064221 0.00000000000642
1.504149 0.00000000063684 0.00000000000637
1.505125 0.00000000064424 0.00000000000644
1.506100 0.00000000068968 0.00000000000690
1.507073 0.00000000070758 0.00000000000708
1.508048 0.00000000070303 0.00000000000703
1.509022 0.00000000070695 0.00000000000707
1.509998 0.00000000070045 0.00000000000700
1.510971 0.00000000071049 0.00000000000711
1.511946 0.00000000070626 0.00000000000706
1.512922 0.00000000070271 0.00000000000703
1.513898 0.00000000070434 0.00000000000704
1.514874 0.00000000070505 0.00000000000705
1.515847 0.00000000070189 0.00000000000702
1.516823 0.00000000069024 0.00000000000690
1.517799 0.00000000069914 0.00000000000699
1.518773 0.00000000069658 0.00000000000697
1.519749 0.00000000070618 0.00000000000706
1.520725 0.00000000069237 0.00000000000692
1.521701 0.00000000068472 0.00000000000685
1.522674 0.00000000068943 0.00000000000689
1.523651 0.00000000069441 0.00000000000694
1.524626 0.00000000069536 0.00000000000695
1.525602 0.00000000069695 0.00000000000697
1.526579 0.00000000069528 0.00000000000695
1.527555 0.00000000070094 0.00000000000701
1.528531 0.00000000069970 0.00000000000700
1.529507 0.00000000067276 0.00000000000673
1.530484 0.00000000068117 0.00000000000681
1.531457 0.00000000070031 0.00000000000700
1.532433 0.00000000069743 0.00000000000697
1.533409 0.00000000069175 0.00000000000692
1.534385 0.00000000068136 0.00000000000681
1.535362 0.00000000069763 0.00000000000698
1.536338 0.00000000069789 0.00000000000698
1.537315 0.00000000069506 0.00000000000695
1.538289 0.00000000068336 0.00000000000683
1.539266 0.00000000067948 0.00000000000680
1.540242 0.00000000067716 0.00000000000677
1.541219 0.00000000068665 0.00000000000687
1.542195 0.00000000069209 0.00000000000692
1.543172 0.00000000068836 0.00000000000688
1.544148 0.00000000068958 0.00000000000690
1.545125 0.00000000069251 0.00000000000693
1.546101 0.00000000069313 0.00000000000693
1.547078 0.00000000068900 0.00000000000689
1.548054 0.00000000068264 0.00000000000683
1.549031 0.00000000068658 0.00000000000687
1.550007 0.00000000067292 0.00000000000673
1.550984 0.00000000067487 0.00000000000675
1.551961 0.00000000067995 0.00000000000680
1.552937 0.00000000067916 0.00000000000679
1.553914 0.00000000066139 0.00000000000661
1.554891 0.00000000066423 0.00000000000664
1.555869 0.00000000066141 0.00000000000661
1.556846 0.00000000066797 0.00000000000668
1.557823 0.00000000067054 0.00000000000671
1.558799 0.00000000066835 0.00000000000668
1.559777 0.00000000065546 0.00000000000656
1.560753 0.00000000065360 0.00000000000654
1.561730 0.00000000065474 0.00000000000655
1.562710 0.00000000064861 0.00000000000649
1.563687 0.00000000065358 0.00000000000654
1.564664 0.00000000066165 0.00000000000662
1.565641 0.00000000066018 0.00000000000660
1.566618 0.00000000065363 0.00000000000654
1.567594 0.00000000064773 0.00000000000648
1.568571 0.00000000064236 0.00000000000642
1.569548 0.00000000063758 0.00000000000638
1.570526 0.00000000065395 0.00000000000654
1.571502 0.00000000066109 0.00000000000661
1.572482 0.00000000064995 0.00000000000650
1.573459 0.00000000064188 0.00000000000642
1.574437 0.00000000061979 0.00000000000620
1.575416 0.00000000060618 0.00000000000606
1.576393 0.00000000060787 0.00000000000608
1.577370 0.00000000058926 0.00000000000589
1.578347 0.00000000062640 0.00000000000626
1.579327 0.00000000064548 0.00000000000646
1.580305 0.00000000064166 0.00000000000642
1.581282 0.00000000063559 0.00000000000636
1.582258 0.00000000062098 0.00000000000621
1.583236 0.00000000062249 0.00000000000623
1.584213 0.00000000062213 0.00000000000622
1.585193 0.00000000063812 0.00000000000638
1.586171 0.00000000064005 0.00000000000640
1.587150 0.00000000062836 0.00000000000628
1.588128 0.00000000061737 0.00000000000617
1.589105 0.00000000058258 0.00000000000583
1.590085 0.00000000057893 0.00000000000579
1.591062 0.00000000061096 0.00000000000611
1.592039 0.00000000061470 0.00000000000615
1.593017 0.00000000063272 0.00000000000633
1.593997 0.00000000063152 0.00000000000632
1.594975 0.00000000062705 0.00000000000627
1.595954 0.00000000061684 0.00000000000617
1.596932 0.00000000060539 0.00000000000605
1.597912 0.00000000062017 0.00000000000620
1.598890 0.00000000062972 0.00000000000630
1.599867 0.00000000063202 0.00000000000632
1.600845 0.00000000062658 0.00000000000627
1.601825 0.00000000061921 0.00000000000619
1.602803 0.00000000063053 0.00000000000631
1.603782 0.00000000063302 0.00000000000633
1.604760 0.00000000061963 0.00000000000620
1.605740 0.00000000062575 0.00000000000626
1.606718 0.00000000061846 0.00000000000619
1.607695 0.00000000061863 0.00000000000619
1.608676 0.00000000062302 0.00000000000623
1.609654 0.00000000061341 0.00000000000613
1.610633 0.00000000060571 0.00000000000606
1.611611 0.00000000062058 0.00000000000621
1.612591 0.00000000061654 0.00000000000617
1.613569 0.00000000061516 0.00000000000615
1.614547 0.00000000062432 0.00000000000624
1.615528 0.00000000060913 0.00000000000609
1.616505 0.00000000059637 0.00000000000596
1.617486 0.00000000060287 0.00000000000603
1.618466 0.00000000059978 0.00000000000600
1.619444 0.00000000059938 0.00000000000599
1.620422 0.00000000059149 0.00000000000592
1.621402 0.00000000059376 0.00000000000594
1.622383 0.00000000060807 0.00000000000608
1.623361 0.00000000060799 0.00000000000608
1.624341 0.00000000060885 0.00000000000609
1.625319 0.00000000061709 0.00000000000617
1.626297 0.00000000062346 0.00000000000624
1.627277 0.00000000062651 0.00000000000627
1.628258 0.00000000062600 0.00000000000626
1.629238 0.00000000061386 0.00000000000614
1.630216 0.00000000061469 0.00000000000615
1.631194 0.00000000061469 0.00000000000615
1.632175 0.00000000060011 0.00000000000600
1.633155 0.00000000060167 0.00000000000602
1.634133 0.00000000061509 0.00000000000615
1.635114 0.00000000061244 0.00000000000612
1.636092 0.00000000060449 0.00000000000605
1.637073 0.00000000059344 0.00000000000593
1.638053 0.00000000058864 0.00000000000589
1.639031 0.00000000057752 0.00000000000578
1.640012 0.00000000058246 0.00000000000583
1.640990 0.00000000058002 0.00000000000580
1.641971 0.00000000059060 0.00000000000591
1.642952 0.00000000059571 0.00000000000596
1.643933 0.00000000059032 0.00000000000590
1.644911 0.00000000058223 0.00000000000582
1.645889 0.00000000059308 0.00000000000593
1.646870 0.00000000059464 0.00000000000595
1.647850 0.00000000059251 0.00000000000593
1.648831 0.00000000058502 0.00000000000585
1.649809 0.00000000058746 0.00000000000588
1.650790 0.00000000059639 0.00000000000596
1.651771 0.00000000058691 0.00000000000587
1.652749 0.00000000057463 0.00000000000575
1.653730 0.00000000057835 0.00000000000578
1.654708 0.00000000057571 0.00000000000576
1.655690 0.00000000058987 0.00000000000590
1.656670 0.00000000057435 0.00000000000574
1.657651 0.00000000059130 0.00000000000591
1.658630 0.00000000059086 0.00000000000591
1.659611 0.00000000059263 0.00000000000593
1.660591 0.00000000059143 0.00000000000591
1.661572 0.00000000058521 0.00000000000585
1.662550 0.00000000058283 0.00000000000583
1.663531 0.00000000058158 0.00000000000582
1.664513 0.00000000057847 0.00000000000579
1.665494 0.00000000057438 0.00000000000574
1.666472 0.00000000056266 0.00000000000563
1.667453 0.00000000057097 0.00000000000571
1.668434 0.00000000056733 0.00000000000567
1.669415 0.00000000057357 0.00000000000574
1.670393 0.00000000057552 0.00000000000576
1.671374 0.00000000057092 0.00000000000571
1.672356 0.00000000055570 0.00000000000556
1.673337 0.00000000055738 0.00000000000557
1.674316 0.00000000056786 0.00000000000568
1.675297 0.00000000055100 0.00000000000551
1.676278 0.00000000054277 0.00000000000543
1.677259 0.00000000055475 0.00000000000555
1.678237 0.00000000056922 0.00000000000569
1.679219 0.00000000056387 0.00000000000564
1.680200 0.00000000056017 0.00000000000560
1.681181 0.00000000055842 0.00000000000558
1.682162 0.00000000055896 0.00000000000559
1.683143 0.00000000055355 0.00000000000554
1.684125 0.00000000055506 0.00000000000555
1.685103 0.00000000055474 0.00000000000555
1.686085 0.00000000055956 0.00000000000560
1.687066 0.00000000055500 0.00000000000555
1.688047 0.00000000055334 0.00000000000553
1.689025 0.00000000055089 0.00000000000551
1.690010 0.00000000055360 0.00000000000554
1.690991 0.00000000055111 0.00000000000551
1.691969 0.00000000055703 0.00000000000557
1.692950 0.00000000055338 0.00000000000553
1.693932 0.00000000055446 0.00000000000555
1.694914 0.00000000055192 0.00000000000552
1.695892 0.00000000054799 0.00000000000548
1.696876 0.00000000054623 0.00000000000546
1.697857 0.00000000054339 0.00000000000543
1.698836 0.00000000054646 0.00000000000547
1.699818 0.00000000054114 0.00000000000541
1.700799 0.00000000052992 0.00000000000530
1.701780 0.00000000053267 0.00000000000533
1.702762 0.00000000054243 0.00000000000542
1.703743 0.00000000054097 0.00000000000541
1.704725 0.00000000054384 0.00000000000544
1.705703 0.00000000053741 0.00000000000537
1.706688 0.00000000053232 0.00000000000532
1.707669 0.00000000052851 0.00000000000529
1.708647 0.00000000053245 0.00000000000533
1.709629 0.00000000052357 0.00000000000524
1.710611 0.00000000051469 0.00000000000515
1.711592 0.00000000048747 0.00000000000488
1.712573 0.00000000051328 0.00000000000513
1.713555 0.00000000052575 0.00000000000526
1.714537 0.00000000053100 0.00000000000531
1.715518 0.00000000052747 0.00000000000528
1.716499 0.00000000052634 0.00000000000526
1.717481 0.00000000052393 0.00000000000524
1.718460 0.00000000052843 0.00000000000528
1.719444 0.00000000052391 0.00000000000524
1.720426 0.00000000052330 0.00000000000523
1.721405 0.00000000051553 0.00000000000516
1.722389 0.00000000051751 0.00000000000518
1.723370 0.00000000051277 0.00000000000513
1.724349 0.00000000051227 0.00000000000512
1.725334 0.00000000053009 0.00000000000530
1.726315 0.00000000051798 0.00000000000518
1.727294 0.00000000051978 0.00000000000520
1.728279 0.00000000051074 0.00000000000511
1.729260 0.00000000050926 0.00000000000509
1.730239 0.00000000050463 0.00000000000505
1.731220 0.00000000050439 0.00000000000504
1.732205 0.00000000050117 0.00000000000501
1.733184 0.00000000048765 0.00000000000488
1.734169 0.00000000049183 0.00000000000492
1.735150 0.00000000049428 0.00000000000494
1.736129 0.00000000049859 0.00000000000499
1.737114 0.00000000049581 0.00000000000496
1.738095 0.00000000049867 0.00000000000499
1.739074 0.00000000050093 0.00000000000501
1.740059 0.00000000049839 0.00000000000498
1.741041 0.00000000049133 0.00000000000491
1.742019 0.00000000048900 0.00000000000489
1.743004 0.00000000049767 0.00000000000498
1.743986 0.00000000049808 0.00000000000498
1.744967 0.00000000049639 0.00000000000496
1.745949 0.00000000049323 0.00000000000493
1.746931 0.00000000048962 0.00000000000490
1.747912 0.00000000048303 0.00000000000483
1.748895 0.00000000048727 0.00000000000487
1.749876 0.00000000049104 0.00000000000491
1.750857 0.00000000048698 0.00000000000487
1.751840 0.00000000048579 0.00000000000486
1.752821 0.00000000048035 0.00000000000480
1.753803 0.00000000048067 0.00000000000481
1.754788 0.00000000047832 0.00000000000478
1.755767 0.00000000047387 0.00000000000474
1.756748 0.00000000048181 0.00000000000482
1.757733 0.00000000048118 0.00000000000481
1.758712 0.00000000047796 0.00000000000478
1.759697 0.00000000048037 0.00000000000480
1.760679 0.00000000047699 0.00000000000477
1.761660 0.00000000047105 0.00000000000471
1.762643 0.00000000046797 0.00000000000468
1.763624 0.00000000047134 0.00000000000471
1.764606 0.00000000047472 0.00000000000475
1.765591 0.00000000047807 0.00000000000478
1.766570 0.00000000047573 0.00000000000476
1.767551 0.00000000047506 0.00000000000475
1.768536 0.00000000047260 0.00000000000473
1.769516 0.00000000046810 0.00000000000468
1.770501 0.00000000046122 0.00000000000461
1.771482 0.00000000045880 0.00000000000459
1.772464 0.00000000046346 0.00000000000464
1.773446 0.00000000045395 0.00000000000454
1.774428 0.00000000045174 0.00000000000452
1.775410 0.00000000045217 0.00000000000452
1.776394 0.00000000045518 0.00000000000455
1.777374 0.00000000045141 0.00000000000451
1.778359 0.00000000045203 0.00000000000452
1.779341 0.00000000045834 0.00000000000458
1.780322 0.00000000045794 0.00000000000458
1.781305 0.00000000045887 0.00000000000459
1.782286 0.00000000045543 0.00000000000455
1.783268 0.00000000044772 0.00000000000448
1.784253 0.00000000044221 0.00000000000442
1.785232 0.00000000043998 0.00000000000440
1.786217 0.00000000045152 0.00000000000452
1.787199 0.00000000045309 0.00000000000453
1.788180 0.00000000045029 0.00000000000450
1.789166 0.00000000044935 0.00000000000449
1.790145 0.00000000044825 0.00000000000448
1.791130 0.00000000044521 0.00000000000445
1.792112 0.00000000044907 0.00000000000449
1.793093 0.00000000044431 0.00000000000444
1.794076 0.00000000043259 0.00000000000433
1.795057 0.00000000043373 0.00000000000434
1.796039 0.00000000043682 0.00000000000437
1.797025 0.00000000043691 0.00000000000437
1.798004 0.00000000043611 0.00000000000436
1.798989 0.00000000043131 0.00000000000431
1.799971 0.00000000043006 0.00000000000430
1.800953 0.00000000043056 0.00000000000431
1.801938 0.00000000042666 0.00000000000427
1.802917 0.00000000042529 0.00000000000425
1.803902 0.00000000042420 0.00000000000424
1.804884 0.00000000042299 0.00000000000423
1.805866 0.00000000042209 0.00000000000422
1.806851 0.00000000042155 0.00000000000422
1.807830 0.00000000042642 0.00000000000426
1.808815 0.00000000042648 0.00000000000427
1.809797 0.00000000042170 0.00000000000422
1.810778 0.00000000042118 0.00000000000421
1.811764 0.00000000042077 0.00000000000421
1.812743 0.00000000042371 0.00000000000424
1.813728 0.00000000042251 0.00000000000423
1.814710 0.00000000042308 0.00000000000423
1.815692 0.00000000041807 0.00000000000418
1.816678 0.00000000041824 0.00000000000418
1.817657 0.00000000041798 0.00000000000418
1.818642 0.00000000041485 0.00000000000415
1.819624 0.00000000041540 0.00000000000415
1.820605 0.00000000041780 0.00000000000418
1.821591 0.00000000041945 0.00000000000420
1.822570 0.00000000041513 0.00000000000415
1.823555 0.00000000041613 0.00000000000416
1.824537 0.00000000042097 0.00000000000421
1.825519 0.00000000041909 0.00000000000419
1.826504 0.00000000042290 0.00000000000423
1.827484 0.00000000041737 0.00000000000417
1.828469 0.00000000041482 0.00000000000415
1.829451 0.00000000041108 0.00000000000411
1.830432 0.00000000041469 0.00000000000415
1.831418 0.00000000041476 0.00000000000415
1.832397 0.00000000041077 0.00000000000411
1.833383 0.00000000041282 0.00000000000413
1.834364 0.00000000041059 0.00000000000411
1.835346 0.00000000041196 0.00000000000412
1.836332 0.00000000041161 0.00000000000412
1.837313 0.00000000039465 0.00000000000395
1.838296 0.00000000038870 0.00000000000389
1.839278 0.00000000039612 0.00000000000396
1.840264 0.00000000039057 0.00000000000391
1.841246 0.00000000038911 0.00000000000389
1.842227 0.00000000038660 0.00000000000387
1.843213 0.00000000038879 0.00000000000389
1.844192 0.00000000039276 0.00000000000393
1.845177 0.00000000038537 0.00000000000385
1.846159 0.00000000038298 0.00000000000383
1.847141 0.00000000037231 0.00000000000372
1.848126 0.00000000038014 0.00000000000380
1.849108 0.00000000038372 0.00000000000384
1.850091 0.00000000038886 0.00000000000389
1.851073 0.00000000038839 0.00000000000388
1.852059 0.00000000039770 0.00000000000398
1.853041 0.00000000039218 0.00000000000392
1.854022 0.00000000039588 0.00000000000396
1.855008 0.00000000039314 0.00000000000393
1.855987 0.00000000038774 0.00000000000388
1.856973 0.00000000039206 0.00000000000392
1.857954 0.00000000038784 0.00000000000388
1.858936 0.00000000038129 0.00000000000381
1.859922 0.00000000038413 0.00000000000384
1.860903 0.00000000038744 0.00000000000388
1.861887 0.00000000038486 0.00000000000385
1.862868 0.00000000039042 0.00000000000390
1.863854 0.00000000038784 0.00000000000388
1.864836 0.00000000038671 0.00000000000387
1.865817 0.00000000038208 0.00000000000382
1.866803 0.00000000038193 0.00000000000382
1.867785 0.00000000038422 0.00000000000384
1.868768 0.00000000038250 0.00000000000383
1.869750 0.00000000038150 0.00000000000382
1.870736 0.00000000038112 0.00000000000381
1.871717 0.00000000037532 0.00000000000375
1.872699 0.00000000036794 0.00000000000368
1.873685 0.00000000036402 0.00000000000364
1.874667 0.00000000036319 0.00000000000363
1.875650 0.00000000034455 0.00000000000345
1.876631 0.00000000034797 0.00000000000348
1.877617 0.00000000036358 0.00000000000364
1.878599 0.00000000036496 0.00000000000365
1.879581 0.00000000036908 0.00000000000369
1.880566 0.00000000036955 0.00000000000370
1.881548 0.00000000037435 0.00000000000374
1.882532 0.00000000037228 0.00000000000372
1.883513 0.00000000037378 0.00000000000374
1.884499 0.00000000037034 0.00000000000370
1.885481 0.00000000036539 0.00000000000365
1.886463 0.00000000036164 0.00000000000362
1.887448 0.00000000036758 0.00000000000368
1.888430 0.00000000036459 0.00000000000365
1.889413 0.00000000036389 0.00000000000364
1.890395 0.00000000036411 0.00000000000364
1.891381 0.00000000036329 0.00000000000363
1.892362 0.00000000036511 0.00000000000365
1.893344 0.00000000036180 0.00000000000362
1.894330 0.00000000036164 0.00000000000362
1.895312 0.00000000035849 0.00000000000359
1.896295 0.00000000035361 0.00000000000354
1.897277 0.00000000035886 0.00000000000359
1.898263 0.00000000036080 0.00000000000361
1.899244 0.00000000035689 0.00000000000357
1.900226 0.00000000035972 0.00000000000360
1.901212 0.00000000036066 0.00000000000361
1.902194 0.00000000035838 0.00000000000358
1.903180 0.00000000035679 0.00000000000357
1.904159 0.00000000035472 0.00000000000355
1.905145 0.00000000035505 0.00000000000355
1.906126 0.00000000035745 0.00000000000358
1.907112 0.00000000035788 0.00000000000358
1.908094 0.00000000035616 0.00000000000356
1.909076 0.00000000035687 0.00000000000357
1.910061 0.00000000035456 0.00000000000355
1.911041 0.00000000035184 0.00000000000352
1.912027 0.00000000034921 0.00000000000349
1.913008 0.00000000035074 0.00000000000351
1.913994 0.00000000035602 0.00000000000356
1.914976 0.00000000035550 0.00000000000356
1.915958 0.00000000035476 0.00000000000355
1.916943 0.00000000035043 0.00000000000350
1.917925 0.00000000035021 0.00000000000350
1.918909 0.00000000035280 0.00000000000353
1.919891 0.00000000034184 0.00000000000342
1.920876 0.00000000033992 0.00000000000340
1.921858 0.00000000034452 0.00000000000345
1.922840 0.00000000034458 0.00000000000345
1.923826 0.00000000034545 0.00000000000346
1.924808 0.00000000034881 0.00000000000349
1.925793 0.00000000034744 0.00000000000348
1.926773 0.00000000034150 0.00000000000342
1.927759 0.00000000034424 0.00000000000344
1.928741 0.00000000033806 0.00000000000338
1.929726 0.00000000033756 0.00000000000338
1.930708 0.00000000033252 0.00000000000333
1.931690 0.00000000032063 0.00000000000321
1.932676 0.00000000033275 0.00000000000333
1.933657 0.00000000033633 0.00000000000336
1.934643 0.00000000033687 0.00000000000337
1.935623 0.00000000033688 0.00000000000337
1.936609 0.00000000034092 0.00000000000341
1.937590 0.00000000034125 0.00000000000341
1.938576 0.00000000033399 0.00000000000334
1.939558 0.00000000033604 0.00000000000336
1.940540 0.00000000033039 0.00000000000330
1.941525 0.00000000033112 0.00000000000331
1.942507 0.00000000032653 0.00000000000327
1.943491 0.00000000031555 0.00000000000316
1.944473 0.00000000031265 0.00000000000313
1.945459 0.00000000030195 0.00000000000302
1.946440 0.00000000030344 0.00000000000304
1.947426 0.00000000031534 0.00000000000315
1.948408 0.00000000032142 0.00000000000321
1.949390 0.00000000031864 0.00000000000319
1.950376 0.00000000031335 0.00000000000313
1.951357 0.00000000030194 0.00000000000302
1.952341 0.00000000031634 0.00000000000316
1.953323 0.00000000032470 0.00000000000325
1.954308 0.00000000032606 0.00000000000326
1.955290 0.00000000032790 0.00000000000328
1.956276 0.00000000032701 0.00000000000327
1.957258 0.00000000032787 0.00000000000328
1.958240 0.00000000032472 0.00000000000325
1.959226 0.00000000032317 0.00000000000323
1.960207 0.00000000032416 0.00000000000324
1.961191 0.00000000032218 0.00000000000322
1.962173 0.00000000031992 0.00000000000320
1.963158 0.00000000032034 0.00000000000320
1.964140 0.00000000031866 0.00000000000319
1.965126 0.00000000031983 0.00000000000320
1.966108 0.00000000032270 0.00000000000323
1.967090 0.00000000032440 0.00000000000324
1.968076 0.00000000032080 0.00000000000321
1.969057 0.00000000032298 0.00000000000323
1.970041 0.00000000031968 0.00000000000320
1.971023 0.00000000031778 0.00000000000318
1.972009 0.00000000031267 0.00000000000313
1.972990 0.00000000030374 0.00000000000304
1.973977 0.00000000030702 0.00000000000307
1.974958 0.00000000030921 0.00000000000309
1.975940 0.00000000030884 0.00000000000309
1.976926 0.00000000030403 0.00000000000304
1.977907 0.00000000028811 0.00000000000288
1.978891 0.00000000028626 0.00000000000286
1.979873 0.00000000029726 0.00000000000297
1.980859 0.00000000030407 0.00000000000304
1.981840 0.00000000030462 0.00000000000305
1.982827 0.00000000030631 0.00000000000306
1.983808 0.00000000030768 0.00000000000308
1.984790 0.00000000030015 0.00000000000300
1.985776 0.00000000029473 0.00000000000295
1.986757 0.00000000028572 0.00000000000286
1.987741 0.00000000029762 0.00000000000298
1.988723 0.00000000030467 0.00000000000305
1.989709 0.00000000030657 0.00000000000307
1.990691 0.00000000030346 0.00000000000304
1.991677 0.00000000029976 0.00000000000300
1.992658 0.00000000029338 0.00000000000293
1.993640 0.00000000028910 0.00000000000289
1.994626 0.00000000029332 0.00000000000293
1.995607 0.00000000029893 0.00000000000299
1.996594 0.00000000029699 0.00000000000297
1.997573 0.00000000029717 0.00000000000297
1.998560 0.00000000030086 0.00000000000301
1.999541 0.00000000030420 0.00000000000304
2.000527 0.00000000030089 0.00000000000301
2.001509 0.00000000030025 0.00000000000300
2.002490 0.00000000029860 0.00000000000299
2.003477 0.00000000029890 0.00000000000299
2.004458 0.00000000030003 0.00000000000300
2.005444 0.00000000029795 0.00000000000298
2.006423 0.00000000029750 0.00000000000298
2.007410 0.00000000030074 0.00000000000301
2.008391 0.00000000029685 0.00000000000297
2.009377 0.00000000029751 0.00000000000298
2.010359 0.00000000029797 0.00000000000298
2.011340 0.00000000029682 0.00000000000297
2.012327 0.00000000029822 0.00000000000298
2.013308 0.00000000029627 0.00000000000296
2.014294 0.00000000029789 0.00000000000298
2.015273 0.00000000029590 0.00000000000296
2.016260 0.00000000029433 0.00000000000294
2.017241 0.00000000029436 0.00000000000294
2.018228 0.00000000029312 0.00000000000293
2.019209 0.00000000029361 0.00000000000294
2.020190 0.00000000029257 0.00000000000293
2.021177 0.00000000029226 0.00000000000292
2.022159 0.00000000029122 0.00000000000291
2.023144 0.00000000029151 0.00000000000292
2.024126 0.00000000028924 0.00000000000289
2.025110 0.00000000028870 0.00000000000289
2.026092 0.00000000028990 0.00000000000290
2.027078 0.00000000028888 0.00000000000289
2.028059 0.00000000028695 0.00000000000287
2.029046 0.00000000028523 0.00000000000285
2.030027 0.00000000028444 0.00000000000285
2.031009 0.00000000028390 0.00000000000284
2.031995 0.00000000028590 0.00000000000286
2.032976 0.00000000028605 0.00000000000286
2.033963 0.00000000028461 0.00000000000285
2.034942 0.00000000028247 0.00000000000283
2.035928 0.00000000028261 0.00000000000283
2.036909 0.00000000028398 0.00000000000284
2.037896 0.00000000028277 0.00000000000283
2.038877 0.00000000028095 0.00000000000281
2.039859 0.00000000028247 0.00000000000283
2.040846 0.00000000028214 0.00000000000282
2.041826 0.00000000028194 0.00000000000282
2.042813 0.00000000028368 0.00000000000284
2.043792 0.00000000028230 0.00000000000282
2.044779 0.00000000028093 0.00000000000281
2.045760 0.00000000028063 0.00000000000281
2.046746 0.00000000028244 0.00000000000283
2.047728 0.00000000027905 0.00000000000279
2.048709 0.00000000027869 0.00000000000279
2.049696 0.00000000027697 0.00000000000277
2.050677 0.00000000027758 0.00000000000278
2.051663 0.00000000027674 0.00000000000277
2.052645 0.00000000027669 0.00000000000277
2.053629 0.00000000027708 0.00000000000277
2.054610 0.00000000027595 0.00000000000276
2.055597 0.00000000027516 0.00000000000275
2.056578 0.00000000027385 0.00000000000274
2.057564 0.00000000027427 0.00000000000274
2.058546 0.00000000027148 0.00000000000272
2.059527 0.00000000027287 0.00000000000273
2.060513 0.00000000026865 0.00000000000269
2.061495 0.00000000027004 0.00000000000270
2.062482 0.00000000026834 0.00000000000268
2.063461 0.00000000026588 0.00000000000266
2.064447 0.00000000026885 0.00000000000269
2.065428 0.00000000027045 0.00000000000271
2.066415 0.00000000026978 0.00000000000270
2.067396 0.00000000026799 0.00000000000268
2.068377 0.00000000026612 0.00000000000266
2.069364 0.00000000026631 0.00000000000266
2.070345 0.00000000026558 0.00000000000266
2.071332 0.00000000026455 0.00000000000265
2.072311 0.00000000026682 0.00000000000267
2.073298 0.00000000025992 0.00000000000260
2.074279 0.00000000026342 0.00000000000263
2.075265 0.00000000026515 0.00000000000265
2.076247 0.00000000026432 0.00000000000264
2.077228 0.00000000026537 0.00000000000265
2.078214 0.00000000026656 0.00000000000267
2.079196 0.00000000026318 0.00000000000263
2.080182 0.00000000026189 0.00000000000262
2.081163 0.00000000025935 0.00000000000259
2.082150 0.00000000025801 0.00000000000258
2.083129 0.00000000026291 0.00000000000263
2.084116 0.00000000025693 0.00000000000257
2.085097 0.00000000025796 0.00000000000258
2.086083 0.00000000025933 0.00000000000259
2.087065 0.00000000025949 0.00000000000260
2.088046 0.00000000025837 0.00000000000258
2.089033 0.00000000025827 0.00000000000258
2.090014 0.00000000025795 0.00000000000258
2.091000 0.00000000025631 0.00000000000256
2.091979 0.00000000025329 0.00000000000253
2.092966 0.00000000025366 0.00000000000254
2.093947 0.00000000025673 0.00000000000257
2.094934 0.00000000025707 0.00000000000257
2.095915 0.00000000025243 0.00000000000253
2.096902 0.00000000025448 0.00000000000255
2.097883 0.00000000025304 0.00000000000253
2.098864 0.00000000024772 0.00000000000248
2.099851 0.00000000025307 0.00000000000253
2.100832 0.00000000025465 0.00000000000255
2.101819 0.00000000025303 0.00000000000253
2.102798 0.00000000025208 0.00000000000252
2.103785 0.00000000024957 0.00000000000250
2.104765 0.00000000024856 0.00000000000249
2.105752 0.00000000024603 0.00000000000246
2.106734 0.00000000024124 0.00000000000241
2.107715 0.00000000024621 0.00000000000246
2.108701 0.00000000024572 0.00000000000246
2.109683 0.00000000024309 0.00000000000243
2.110669 0.00000000024644 0.00000000000247
2.111650 0.00000000024800 0.00000000000248
2.112635 0.00000000024673 0.00000000000247
2.113616 0.00000000024517 0.00000000000245
2.114603 0.00000000024425 0.00000000000244
2.115584 0.00000000024556 0.00000000000246
2.116570 0.00000000023873 0.00000000000239
2.117552 0.00000000024133 0.00000000000241
2.118533 0.00000000024430 0.00000000000244
2.119520 0.00000000024275 0.00000000000243
2.120501 0.00000000024348 0.00000000000244
2.121487 0.00000000024262 0.00000000000243
2.122469 0.00000000024426 0.00000000000244
2.123453 0.00000000024464 0.00000000000245
2.124434 0.00000000024342 0.00000000000243
2.125421 0.00000000024348 0.00000000000244
2.126402 0.00000000024494 0.00000000000245
2.127389 0.00000000024431 0.00000000000244
2.128370 0.00000000024312 0.00000000000243
2.129352 0.00000000024422 0.00000000000244
2.130338 0.00000000024347 0.00000000000244
2.131319 0.00000000024231 0.00000000000242
2.132306 0.00000000024174 0.00000000000242
2.133285 0.00000000024087 0.00000000000241
2.134272 0.00000000024184 0.00000000000242
2.135253 0.00000000023650 0.00000000000237
2.136239 0.00000000023704 0.00000000000237
2.137221 0.00000000023889 0.00000000000239
2.138208 0.00000000023984 0.00000000000240
2.139189 0.00000000024093 0.00000000000241
2.140170 0.00000000023939 0.00000000000239
2.141157 0.00000000023684 0.00000000000237
2.142138 0.00000000023941 0.00000000000239
2.143124 0.00000000023779 0.00000000000238
2.144106 0.00000000023662 0.00000000000237
2.145090 0.00000000023602 0.00000000000236
2.146071 0.00000000023494 0.00000000000235
2.147058 0.00000000023577 0.00000000000236
2.148039 0.00000000023659 0.00000000000237
2.149026 0.00000000023656 0.00000000000237
2.150007 0.00000000023556 0.00000000000236
2.150988 0.00000000023649 0.00000000000237
2.151975 0.00000000023639 0.00000000000236
2.152957 0.00000000023446 0.00000000000235
2.153943 0.00000000023551 0.00000000000236
2.154924 0.00000000023420 0.00000000000234
2.155911 0.00000000023448 0.00000000000235
2.156890 0.00000000023357 0.00000000000234
2.157877 0.00000000023447 0.00000000000235
2.158858 0.00000000023302 0.00000000000233
2.159845 0.00000000023326 0.00000000000233
2.160826 0.00000000023097 0.00000000000231
2.161813 0.00000000023299 0.00000000000233
2.162794 0.00000000023150 0.00000000000232
2.163775 0.00000000022897 0.00000000000229
2.164762 0.00000000022579 0.00000000000226
2.165743 0.00000000022299 0.00000000000223
2.166730 0.00000000022652 0.00000000000227
2.167709 0.00000000022700 0.00000000000227
2.168696 0.00000000022933 0.00000000000229
2.169677 0.00000000022870 0.00000000000229
2.170664 0.00000000022880 0.00000000000229
2.171644 0.00000000022731 0.00000000000227
2.172632 0.00000000022956 0.00000000000230
2.173613 0.00000000022721 0.00000000000227
2.174594 0.00000000022704 0.00000000000227
2.175581 0.00000000022662 0.00000000000227
2.176562 0.00000000022503 0.00000000000225
2.177549 0.00000000022282 0.00000000000223
2.178530 0.00000000021942 0.00000000000219
2.179517 0.00000000022205 0.00000000000222
2.180496 0.00000000022450 0.00000000000225
2.181483 0.00000000022349 0.00000000000224
2.182464 0.00000000022251 0.00000000000223
2.183451 0.00000000022403 0.00000000000224
2.184431 0.00000000022282 0.00000000000223
2.185418 0.00000000022292 0.00000000000223
2.186400 0.00000000022238 0.00000000000222
2.187387 0.00000000021918 0.00000000000219
2.188368 0.00000000021737 0.00000000000217
2.189349 0.00000000021826 0.00000000000218
2.190336 0.00000000021942 0.00000000000220
2.191317 0.00000000022085 0.00000000000221
2.192304 0.00000000022103 0.00000000000221
2.193285 0.00000000022159 0.00000000000222
2.194272 0.00000000022122 0.00000000000221
2.195251 0.00000000022101 0.00000000000221
2.196238 0.00000000022109 0.00000000000221
2.197219 0.00000000021971 0.00000000000220
2.198206 0.00000000021855 0.00000000000219
2.199187 0.00000000021764 0.00000000000218
2.200174 0.00000000021676 0.00000000000217
2.201155 0.00000000021655 0.00000000000217
2.202142 0.00000000021686 0.00000000000217
2.203123 0.00000000021718 0.00000000000217
2.204104 0.00000000021488 0.00000000000215
2.205091 0.00000000020883 0.00000000000209
2.206072 0.00000000020401 0.00000000000204
2.207060 0.00000000020993 0.00000000000210
2.208040 0.00000000020867 0.00000000000209
2.209027 0.00000000020905 0.00000000000209
2.210008 0.00000000021292 0.00000000000213
2.210995 0.00000000021458 0.00000000000215
2.211974 0.00000000021485 0.00000000000215
2.212961 0.00000000021460 0.00000000000215
2.213943 0.00000000021497 0.00000000000215
2.214930 0.00000000021473 0.00000000000215
2.215910 0.00000000021416 0.00000000000214
2.216897 0.00000000021375 0.00000000000214
2.217879 0.00000000021414 0.00000000000214
2.218866 0.00000000021350 0.00000000000214
2.219847 0.00000000021188 0.00000000000212
2.220834 0.00000000021108 0.00000000000211
2.221815 0.00000000021035 0.00000000000210
2.222796 0.00000000021215 0.00000000000212
2.223783 0.00000000021085 0.00000000000211
2.224764 0.00000000020796 0.00000000000208
2.225752 0.00000000020596 0.00000000000206
2.226732 0.00000000020573 0.00000000000206
2.227719 0.00000000020664 0.00000000000207
2.228700 0.00000000020782 0.00000000000208
2.229687 0.00000000020880 0.00000000000209
2.230669 0.00000000020731 0.00000000000207
2.231656 0.00000000020749 0.00000000000208
2.232635 0.00000000020781 0.00000000000208
2.233622 0.00000000020703 0.00000000000207
2.234603 0.00000000020665 0.00000000000207
2.235590 0.00000000020603 0.00000000000206
2.236571 0.00000000020546 0.00000000000206
2.237559 0.00000000020088 0.00000000000201
2.238540 0.00000000020170 0.00000000000202
2.239526 0.00000000020412 0.00000000000204
2.240507 0.00000000020462 0.00000000000205
2.241495 0.00000000020281 0.00000000000203
2.242476 0.00000000020297 0.00000000000203
2.243463 0.00000000020299 0.00000000000203
2.244444 0.00000000020307 0.00000000000203
2.245431 0.00000000020262 0.00000000000203
2.246413 0.00000000020077 0.00000000000201
2.247400 0.00000000019946 0.00000000000200
2.248381 0.00000000020172 0.00000000000202
2.249362 0.00000000020164 0.00000000000202
2.250349 0.00000000020246 0.00000000000203
2.251330 0.00000000020099 0.00000000000201
2.252317 0.00000000020050 0.00000000000201
2.253299 0.00000000019938 0.00000000000199
2.254286 0.00000000019895 0.00000000000199
2.255267 0.00000000019944 0.00000000000200
2.256254 0.00000000019939 0.00000000000199
2.257235 0.00000000019886 0.00000000000199
2.258222 0.00000000019887 0.00000000000199
2.259203 0.00000000019761 0.00000000000198
2.260191 0.00000000019418 0.00000000000194
2.261172 0.00000000019063 0.00000000000191
2.262159 0.00000000018653 0.00000000000187
2.263140 0.00000000019037 0.00000000000190
2.264127 0.00000000019301 0.00000000000193
2.265108 0.00000000018948 0.00000000000190
2.266096 0.00000000019343 0.00000000000194
2.267077 0.00000000019549 0.00000000000196
2.268064 0.00000000019594 0.00000000000196
2.269045 0.00000000019687 0.00000000000197
2.270033 0.00000000019486 0.00000000000195
2.271013 0.00000000019400 0.00000000000194
2.272001 0.00000000019472 0.00000000000195
2.272982 0.00000000019427 0.00000000000194
2.273969 0.00000000019424 0.00000000000194
2.274950 0.00000000019444 0.00000000000195
2.275938 0.00000000019303 0.00000000000193
2.276919 0.00000000019337 0.00000000000193
2.277906 0.00000000019175 0.00000000000192
2.278887 0.00000000019176 0.00000000000192
2.279875 0.00000000018751 0.00000000000188
2.280856 0.00000000018432 0.00000000000184
2.281843 0.00000000018837 0.00000000000188
2.282824 0.00000000018874 0.00000000000189
2.283811 0.00000000018923 0.00000000000189
2.284793 0.00000000018992 0.00000000000190
2.285780 0.00000000019075 0.00000000000191
2.286761 0.00000000019113 0.00000000000191
2.287748 0.00000000019095 0.00000000000191
2.288736 0.00000000018973 0.00000000000190
2.289717 0.00000000019002 0.00000000000190
2.290704 0.00000000018816 0.00000000000188
2.291685 0.00000000018657 0.00000000000187
2.292673 0.00000000017783 0.00000000000178
2.293654 0.00000000017660 0.00000000000177
2.294641 0.00000000017876 0.00000000000179
2.295622 0.00000000017863 0.00000000000179
2.296610 0.00000000017983 0.00000000000180
2.297591 0.00000000018155 0.00000000000182
2.298579 0.00000000018272 0.00000000000183
2.299560 0.00000000018273 0.00000000000183
2.300547 0.00000000018325 0.00000000000183
2.301528 0.00000000018320 0.00000000000183
2.302518 0.00000000018238 0.00000000000182
2.303499 0.00000000018169 0.00000000000182
2.304486 0.00000000018136 0.00000000000181
2.305467 0.00000000018113 0.00000000000181
2.306455 0.00000000018224 0.00000000000182
2.307436 0.00000000018143 0.00000000000181
2.308424 0.00000000018172 0.00000000000182
2.309405 0.00000000018166 0.00000000000182
2.310392 0.00000000018050 0.00000000000181
2.311380 0.00000000018088 0.00000000000181
2.312361 0.00000000017966 0.00000000000180
2.313349 0.00000000017879 0.00000000000179
2.314329 0.00000000017842 0.00000000000178
2.315317 0.00000000018011 0.00000000000180
2.316298 0.00000000017738 0.00000000000177
2.317286 0.00000000017831 0.00000000000178
2.318267 0.00000000017804 0.00000000000178
2.319257 0.00000000017808 0.00000000000178
2.320238 0.00000000017697 0.00000000000177
2.321225 0.00000000017076 0.00000000000171
2.322207 0.00000000016406 0.00000000000164
2.323194 0.00000000016565 0.00000000000166
2.324175 0.00000000016744 0.00000000000168
2.325163 0.00000000016914 0.00000000000169
2.326151 0.00000000017016 0.00000000000170
2.327132 0.00000000017127 0.00000000000171
2.328120 0.00000000017073 0.00000000000171
2.329101 0.00000000017004 0.00000000000170
2.330090 0.00000000017058 0.00000000000171
2.331071 0.00000000017107 0.00000000000171
2.332059 0.00000000017119 0.00000000000171
2.333040 0.00000000017136 0.00000000000171
2.334028 0.00000000016872 0.00000000000169
2.335009 0.00000000016808 0.00000000000168
2.335997 0.00000000016981 0.00000000000170
2.336984 0.00000000016704 0.00000000000167
2.337966 0.00000000016707 0.00000000000167
2.338953 0.00000000016966 0.00000000000170
2.339937 0.00000000017068 0.00000000000171
2.340924 0.00000000017057 0.00000000000171
2.341906 0.00000000017225 0.00000000000172
2.342893 0.00000000017071 0.00000000000171
2.343881 0.00000000017016 0.00000000000170
2.344862 0.00000000017066 0.00000000000171
2.345850 0.00000000017149 0.00000000000172
2.346832 0.00000000016775 0.00000000000168
2.347821 0.00000000016847 0.00000000000169
2.348802 0.00000000016819 0.00000000000168
2.349790 0.00000000016720 0.00000000000167
2.350771 0.00000000016278 0.00000000000163
2.351759 0.00000000015490 0.00000000000155
2.352747 0.00000000015705 0.00000000000157
2.353729 0.00000000015895 0.00000000000159
2.354718 0.00000000015965 0.00000000000160
2.355699 0.00000000015794 0.00000000000158
2.356687 0.00000000016096 0.00000000000161
2.357668 0.00000000016128 0.00000000000161
2.358656 0.00000000016315 0.00000000000163
2.359644 0.00000000016270 0.00000000000163
2.360626 0.00000000016312 0.00000000000163
2.361615 0.00000000016249 0.00000000000163
2.362597 0.00000000016339 0.00000000000163
2.363584 0.00000000016206 0.00000000000162
2.364572 0.00000000016218 0.00000000000162
2.365553 0.00000000016612 0.00000000000166
2.366541 0.00000000016385 0.00000000000164
2.367525 0.00000000016203 0.00000000000162
2.368513 0.00000000016151 0.00000000000162
2.369494 0.00000000016068 0.00000000000161
2.370482 0.00000000016250 0.00000000000163
2.371470 0.00000000016200 0.00000000000162
2.372451 0.00000000016141 0.00000000000161
2.373441 0.00000000016123 0.00000000000161
2.374422 0.00000000016160 0.00000000000162
2.375410 0.00000000016151 0.00000000000162
2.376398 0.00000000016214 0.00000000000162
2.377380 0.00000000016004 0.00000000000160
2.378369 0.00000000016101 0.00000000000161
2.379351 0.00000000016023 0.00000000000160
2.380339 0.00000000015790 0.00000000000158
2.381327 0.00000000015341 0.00000000000154
2.382308 0.00000000014711 0.00000000000147
2.383298 0.00000000014672 0.00000000000147
2.384279 0.00000000014861 0.00000000000149
2.385267 0.00000000014744 0.00000000000148
2.386256 0.00000000015031 0.00000000000150
2.387239 0.00000000015262 0.00000000000153
2.388227 0.00000000015396 0.00000000000154
2.389215 0.00000000015461 0.00000000000155
2.390197 0.00000000015397 0.00000000000154
2.391186 0.00000000015363 0.00000000000154
2.392168 0.00000000015364 0.00000000000154
2.393156 0.00000000015413 0.00000000000154
2.394144 0.00000000015353 0.00000000000154
2.395126 0.00000000015458 0.00000000000155
2.396116 0.00000000015454 0.00000000000155
2.397104 0.00000000015352 0.00000000000154
2.398085 0.00000000015375 0.00000000000154
2.399075 0.00000000015353 0.00000000000154
2.400057 0.00000000015369 0.00000000000154
2.401045 0.00000000015435 0.00000000000154
2.402033 0.00000000015332 0.00000000000153
2.403016 0.00000000015248 0.00000000000153
2.404005 0.00000000015258 0.00000000000153
2.404993 0.00000000015268 0.00000000000153
2.405974 0.00000000015242 0.00000000000153
2.406964 0.00000000015169 0.00000000000152
2.407946 0.00000000015097 0.00000000000151
2.408934 0.00000000015155 0.00000000000152
2.409924 0.00000000015102 0.00000000000151
2.410906 0.00000000015109 0.00000000000151
2.411894 0.00000000014770 0.00000000000148
2.412882 0.00000000014301 0.00000000000143
2.413866 0.00000000014159 0.00000000000142
2.414854 0.00000000014333 0.00000000000143
2.415842 0.00000000014390 0.00000000000144
2.416826 0.00000000014674 0.00000000000147
2.417814 0.00000000014562 0.00000000000146
2.418802 0.00000000014459 0.00000000000145
2.419786 0.00000000014433 0.00000000000144
2.420774 0.00000000014661 0.00000000000147
2.421762 0.00000000014564 0.00000000000146
2.422746 0.00000000014655 0.00000000000147
2.423734 0.00000000014638 0.00000000000146
2.424722 0.00000000014515 0.00000000000145
2.425706 0.00000000014629 0.00000000000146
2.426695 0.00000000014513 0.00000000000145
2.427683 0.00000000014596 0.00000000000146
2.428666 0.00000000014634 0.00000000000146
2.429655 0.00000000014619 0.00000000000146
2.430644 0.00000000014570 0.00000000000146
2.431627 0.00000000014514 0.00000000000145
2.432616 0.00000000014415 0.00000000000144
2.433604 0.00000000014344 0.00000000000144
2.434588 0.00000000014493 0.00000000000145
2.435576 0.00000000014891 0.00000000000149
2.436566 0.00000000014311 0.00000000000143
2.437548 0.00000000014327 0.00000000000143
2.438536 0.00000000014433 0.00000000000144
2.439527 0.00000000014274 0.00000000000143
2.440515 0.00000000014432 0.00000000000144
2.441497 0.00000000014440 0.00000000000144
2.442487 0.00000000014253 0.00000000000143
2.443476 0.00000000014080 0.00000000000141
2.444459 0.00000000013902 0.00000000000139
2.445448 0.00000000013588 0.00000000000136
2.446437 0.00000000013615 0.00000000000136
2.447420 0.00000000013696 0.00000000000137
2.448409 0.00000000013746 0.00000000000138
2.449399 0.00000000013754 0.00000000000138
2.450388 0.00000000013761 0.00000000000138
2.451371 0.00000000013839 0.00000000000138
2.452360 0.00000000013748 0.00000000000138
2.453349 0.00000000013649 0.00000000000137
2.454333 0.00000000013593 0.00000000000136
2.455321 0.00000000013551 0.00000000000136
2.456312 0.00000000013491 0.00000000000135
2.457300 0.00000000013761 0.00000000000138
2.458284 0.00000000013735 0.00000000000137
2.459273 0.00000000013764 0.00000000000138
2.460263 0.00000000013786 0.00000000000138
2.461252 0.00000000013654 0.00000000000137
2.462236 0.00000000013732 0.00000000000137
2.463225 0.00000000013775 0.00000000000138
2.464215 0.00000000013674 0.00000000000137
2.465197 0.00000000013875 0.00000000000139
2.466186 0.00000000013886 0.00000000000139
2.467176 0.00000000013796 0.00000000000138
2.468165 0.00000000013827 0.00000000000138
2.469149 0.00000000013517 0.00000000000135
2.470138 0.00000000013702 0.00000000000137
2.471128 0.00000000013591 0.00000000000136
2.472117 0.00000000013468 0.00000000000135
2.473101 0.00000000013517 0.00000000000135
2.474090 0.00000000013461 0.00000000000135
2.475081 0.00000000013443 0.00000000000135
2.476071 0.00000000013602 0.00000000000136
2.477060 0.00000000013305 0.00000000000133
2.478044 0.00000000012977 0.00000000000130
2.479033 0.00000000012780 0.00000000000128
2.480024 0.00000000012730 0.00000000000127
2.481012 0.00000000012633 0.00000000000126
2.481997 0.00000000012741 0.00000000000128
2.482985 0.00000000013111 0.00000000000131
2.483976 0.00000000013062 0.00000000000131
2.484967 0.00000000012658 0.00000000000127
2.485956 0.00000000012625 0.00000000000126
2.486940 0.00000000012936 0.00000000000129
2.487929 0.00000000013146 0.00000000000132
2.488920 0.00000000013201 0.00000000000132
2.489909 0.00000000013163 0.00000000000132
2.490893 0.00000000013066 0.00000000000131
2.491884 0.00000000013118 0.00000000000131
2.492872 0.00000000013123 0.00000000000131
2.493864 0.00000000013186 0.00000000000132
2.494853 0.00000000013136 0.00000000000131
2.495836 0.00000000013172 0.00000000000132
2.496827 0.00000000013109 0.00000000000131
2.497816 0.00000000013076 0.00000000000131
2.498808 0.00000000013017 0.00000000000130
2.499797 0.00000000013061 0.00000000000131
2.500787 0.00000000013044 0.00000000000131
2.501772 0.00000000012983 0.00000000000130
2.502761 0.00000000012962 0.00000000000130
2.503752 0.00000000013120 0.00000000000131
2.504743 0.00000000013031 0.00000000000130
2.505732 0.00000000012844 0.00000000000129
2.506723 0.00000000012776 0.00000000000128
2.507707 0.00000000012997 0.00000000000130
2.508697 0.00000000012801 0.00000000000128
2.509688 0.00000000012630 0.00000000000126
2.510679 0.00000000012522 0.00000000000125
2.511668 0.00000000012450 0.00000000000125
2.512659 0.00000000012422 0.00000000000124
2.513643 0.00000000012483 0.00000000000125
2.514632 0.00000000012577 0.00000000000126
2.515623 0.00000000012520 0.00000000000125
2.516615 0.00000000012525 0.00000000000125
2.517606 0.00000000012504 0.00000000000125
2.518595 0.00000000012579 0.00000000000126
2.519586 0.00000000012551 0.00000000000126
2.520571 0.00000000012666 0.00000000000127
2.521562 0.00000000012472 0.00000000000125
2.522551 0.00000000012529 0.00000000000125
2.523543 0.00000000012203 0.00000000000122
2.524534 0.00000000012318 0.00000000000123
2.525525 0.00000000012336 0.00000000000123
2.526515 0.00000000012359 0.00000000000124
2.527506 0.00000000012304 0.00000000000123
2.528490 0.00000000012389 0.00000000000124
2.529481 0.00000000012492 0.00000000000125
2.530471 0.00000000012449 0.00000000000125
2.531462 0.00000000012359 0.00000000000124
2.532454 0.00000000012350 0.00000000000124
2.533445 0.00000000012430 0.00000000000124
2.534436 0.00000000012335 0.00000000000123
2.535426 0.00000000012280 0.00000000000123
2.536417 0.00000000012143 0.00000000000122
2.537409 0.00000000012121 0.00000000000121
2.538393 0.00000000012106 0.00000000000121
2.539384 0.00000000011867 0.00000000000119
2.540376 0.00000000011548 0.00000000000116
2.541366 0.00000000011766 0.00000000000118
2.542357 0.00000000012126 0.00000000000121
2.543349 0.00000000011958 0.00000000000120
2.544340 0.00000000012017 0.00000000000120
2.545332 0.00000000011896 0.00000000000119
2.546323 0.00000000011834 0.00000000000118
2.547315 0.00000000011761 0.00000000000118
2.548304 0.00000000011958 0.00000000000120
2.549296 0.00000000011856 0.00000000000119
2.550287 0.00000000011625 0.00000000000116
2.551279 0.00000000011640 0.00000000000117
2.552263 0.00000000011758 0.00000000000118
2.553255 0.00000000011793 0.00000000000118
2.554247 0.00000000011804 0.00000000000118
2.555238 0.00000000011746 0.00000000000118
2.556230 0.00000000011765 0.00000000000118
2.557222 0.00000000011761 0.00000000000118
2.558213 0.00000000011776 0.00000000000118
2.559203 0.00000000011665 0.00000000000117
2.560195 0.00000000011545 0.00000000000116
2.561187 0.00000000011526 0.00000000000115
2.562178 0.00000000011617 0.00000000000116
2.563170 0.00000000011579 0.00000000000116
2.564162 0.00000000011538 0.00000000000115
2.565153 0.00000000011691 0.00000000000117
2.566145 0.00000000011701 0.00000000000117
2.567137 0.00000000011670 0.00000000000117
2.568129 0.00000000011760 0.00000000000118
2.569121 0.00000000011639 0.00000000000117
2.570112 0.00000000011778 0.00000000000118
2.571104 0.00000000011706 0.00000000000117
2.572096 0.00000000011701 0.00000000000117
2.573088 0.00000000011699 0.00000000000117
2.574080 0.00000000011689 0.00000000000117
2.575072 0.00000000011621 0.00000000000116
2.576064 0.00000000011652 0.00000000000117
2.577056 0.00000000011546 0.00000000000116
2.578048 0.00000000011581 0.00000000000116
2.579042 0.00000000011653 0.00000000000117
2.580034 0.00000000011588 0.00000000000116
2.581025 0.00000000011309 0.00000000000113
2.582018 0.00000000011406 0.00000000000114
2.583010 0.00000000011354 0.00000000000114
2.584002 0.00000000011251 0.00000000000113
2.585001 0.00000000011111 0.00000000000111
2.585993 0.00000000011255 0.00000000000113
2.586985 0.00000000011387 0.00000000000114
2.587977 0.00000000011350 0.00000000000114
2.588971 0.00000000011365 0.00000000000114
2.589963 0.00000000011289 0.00000000000113
2.590955 0.00000000011243 0.00000000000113
2.591947 0.00000000011116 0.00000000000111
2.592940 0.00000000011232 0.00000000000112
2.593931 0.00000000011061 0.00000000000111
2.594924 0.00000000011063 0.00000000000111
2.595918 0.00000000011107 0.00000000000111
2.596910 0.00000000011108 0.00000000000111
2.597902 0.00000000011140 0.00000000000112
2.598902 0.00000000011138 0.00000000000112
2.599894 0.00000000011211 0.00000000000112
2.600888 0.00000000011212 0.00000000000112
2.601881 0.00000000011275 0.00000000000113
2.602873 0.00000000011103 0.00000000000111
2.603865 0.00000000011017 0.00000000000110
2.604857 0.00000000011146 0.00000000000112
2.605851 0.00000000011154 0.00000000000112
2.606844 0.00000000011167 0.00000000000112
2.607844 0.00000000011138 0.00000000000111
2.608836 0.00000000011122 0.00000000000111
2.609830 0.00000000011179 0.00000000000112
2.610823 0.00000000011130 0.00000000000111
2.611815 0.00000000011054 0.00000000000111
2.612809 0.00000000011104 0.00000000000111
2.613802 0.00000000011112 0.00000000000111
2.614802 0.00000000011088 0.00000000000111
2.615794 0.00000000011041 0.00000000000111
2.616789 0.00000000010891 0.00000000000109
2.617781 0.00000000010834 0.00000000000108
2.618773 0.00000000010805 0.00000000000108
2.619768 0.00000000010746 0.00000000000108
2.620768 0.00000000010671 0.00000000000107
2.621760 0.00000000010608 0.00000000000106
2.622755 0.00000000010580 0.00000000000106
2.623747 0.00000000010642 0.00000000000107
2.624742 0.00000000010457 0.00000000000105
2.625734 0.00000000010579 0.00000000000106
2.626734 0.00000000010765 0.00000000000108
2.627729 0.00000000010779 0.00000000000108
2.628721 0.00000000010794 0.00000000000108
2.629716 0.00000000010738 0.00000000000108
2.630709 0.00000000010738 0.00000000000107
2.631709 0.00000000010736 0.00000000000107
2.632704 0.00000000010752 0.00000000000108
2.633696 0.00000000010736 0.00000000000107
2.634691 0.00000000010756 0.00000000000108
2.635691 0.00000000010808 0.00000000000108
2.636686 0.00000000010712 0.00000000000107
2.637678 0.00000000010556 0.00000000000106
2.638673 0.00000000010321 0.00000000000103
2.639673 0.00000000010243 0.00000000000103
2.640668 0.00000000010546 0.00000000000106
2.641661 0.00000000010485 0.00000000000105
2.642656 0.00000000010692 0.00000000000107
2.643656 0.00000000010652 0.00000000000107
2.644651 0.00000000010613 0.00000000000106
2.645643 0.00000000010597 0.00000000000106
2.646638 0.00000000010606 0.00000000000106
2.647639 0.00000000010533 0.00000000000105
2.648634 0.00000000010573 0.00000000000106
2.649627 0.00000000010580 0.00000000000106
2.650621 0.00000000010452 0.00000000000105
2.651624 0.00000000010382 0.00000000000104
2.652617 0.00000000010388 0.00000000000104
2.653612 0.00000000010151 0.00000000000102
2.654612 0.00000000010131 0.00000000000101
2.655607 0.00000000010358 0.00000000000104
2.656602 0.00000000010422 0.00000000000104
2.657603 0.00000000010361 0.00000000000104
2.658598 0.00000000010369 0.00000000000104
2.659591 0.00000000010344 0.00000000000104
2.660593 0.00000000010338 0.00000000000104
2.661588 0.00000000010267 0.00000000000103
2.662581 0.00000000010337 0.00000000000104
2.663584 0.00000000010226 0.00000000000102
2.664579 0.00000000010080 0.00000000000101
2.665574 0.00000000010099 0.00000000000101
2.666575 0.00000000010197 0.00000000000102
2.667570 0.00000000010249 0.00000000000103
2.668565 0.00000000010205 0.00000000000102
2.669566 0.00000000010237 0.00000000000102
2.670561 0.00000000010271 0.00000000000103
2.671556 0.00000000010339 0.00000000000104
2.672559 0.00000000010364 0.00000000000104
2.673553 0.00000000010272 0.00000000000103
2.674555 0.00000000010211 0.00000000000102
2.675550 0.00000000010160 0.00000000000102
2.676546 0.00000000010250 0.00000000000103
2.677548 0.00000000010243 0.00000000000103
2.678542 0.00000000010219 0.00000000000102
2.679545 0.00000000010145 0.00000000000102
2.680540 0.00000000010193 0.00000000000102
2.681535 0.00000000010127 0.00000000000101
2.682538 0.00000000010146 0.00000000000102
2.683534 0.00000000010119 0.00000000000101
2.684535 0.00000000010168 0.00000000000102
2.685531 0.00000000010167 0.00000000000102
2.686533 0.00000000010102 0.00000000000101
2.687529 0.00000000010070 0.00000000000101
2.688524 0.00000000010023 0.00000000000100
2.689527 0.00000000010196 0.00000000000102
2.690523 0.00000000010038 0.00000000000100
2.691525 0.00000000009974 0.00000000000100
2.692521 0.00000000009983 0.00000000000100
2.693524 0.00000000010080 0.00000000000101
2.694518 0.00000000009969 0.00000000000100
2.695521 0.00000000009956 0.00000000000100
2.696517 0.00000000009869 0.00000000000099
2.697520 0.00000000009973 0.00000000000100
2.698516 0.00000000009969 0.00000000000100
2.699519 0.00000000009931 0.00000000000099
2.700515 0.00000000009847 0.00000000000099
2.701518 0.00000000009898 0.00000000000099
2.702514 0.00000000009892 0.00000000000099
2.703517 0.00000000009839 0.00000000000099
2.704513 0.00000000009811 0.00000000000098
2.705518 0.00000000009830 0.00000000000098
2.706514 0.00000000009780 0.00000000000098
2.707517 0.00000000009650 0.00000000000097
2.708513 0.00000000009641 0.00000000000097
2.709516 0.00000000009728 0.00000000000097
2.710512 0.00000000009692 0.00000000000097
2.711516 0.00000000009650 0.00000000000097
2.712519 0.00000000009700 0.00000000000097
2.713515 0.00000000009793 0.00000000000098
2.714519 0.00000000009708 0.00000000000097
2.715516 0.00000000009681 0.00000000000097
2.716520 0.00000000009662 0.00000000000097
2.717516 0.00000000009715 0.00000000000097
2.718519 0.00000000009659 0.00000000000097
2.719523 0.00000000009630 0.00000000000096
2.720519 0.00000000009620 0.00000000000096
2.721524 0.00000000009574 0.00000000000096
2.722521 0.00000000009562 0.00000000000096
2.723524 0.00000000009614 0.00000000000096
2.724528 0.00000000009526 0.00000000000095
2.725527 0.00000000009491 0.00000000000095
2.726529 0.00000000009491 0.00000000000095
2.727533 0.00000000009493 0.00000000000095
2.728530 0.00000000009499 0.00000000000095
2.729535 0.00000000009491 0.00000000000095
2.730539 0.00000000009478 0.00000000000095
2.731536 0.00000000009445 0.00000000000095
2.732541 0.00000000009477 0.00000000000095
2.733538 0.00000000009413 0.00000000000094
2.734542 0.00000000009427 0.00000000000094
2.735547 0.00000000009395 0.00000000000094
2.736551 0.00000000009417 0.00000000000094
2.737548 0.00000000009410 0.00000000000094
2.738553 0.00000000009341 0.00000000000094
2.739557 0.00000000009151 0.00000000000092
2.740556 0.00000000009357 0.00000000000094
2.741560 0.00000000009289 0.00000000000093
2.742564 0.00000000009377 0.00000000000094
2.743563 0.00000000009300 0.00000000000093
2.744567 0.00000000009327 0.00000000000093
2.745572 0.00000000009317 0.00000000000093
2.746576 0.00000000009306 0.00000000000093
2.747575 0.00000000009291 0.00000000000093
2.748579 0.00000000009246 0.00000000000093
2.749585 0.00000000009173 0.00000000000092
2.750590 0.00000000009180 0.00000000000092
2.751589 0.00000000009208 0.00000000000092
2.752593 0.00000000009169 0.00000000000092
2.753598 0.00000000009192 0.00000000000092
2.754603 0.00000000009189 0.00000000000092
2.755602 0.00000000009069 0.00000000000091
2.756606 0.00000000009090 0.00000000000091
2.757612 0.00000000009102 0.00000000000091
2.758618 0.00000000009064 0.00000000000091
2.759623 0.00000000009069 0.00000000000091
2.760622 0.00000000009045 0.00000000000091
2.761627 0.00000000009006 0.00000000000090
2.762633 0.00000000009058 0.00000000000091
2.763638 0.00000000008954 0.00000000000090
2.764643 0.00000000009006 0.00000000000090
2.765650 0.00000000008961 0.00000000000090
2.766649 0.00000000008926 0.00000000000089
2.767653 0.00000000008888 0.00000000000089
2.768660 0.00000000008946 0.00000000000090
2.769666 0.00000000008889 0.00000000000089
2.770673 0.00000000008890 0.00000000000089
2.771678 0.00000000008909 0.00000000000089
2.772684 0.00000000008893 0.00000000000089
2.773684 0.00000000008905 0.00000000000089
2.774690 0.00000000008959 0.00000000000090
2.775696 0.00000000008931 0.00000000000089
2.776702 0.00000000008855 0.00000000000089
2.777707 0.00000000008917 0.00000000000089
2.778714 0.00000000008963 0.00000000000090
2.779721 0.00000000008878 0.00000000000089
2.780728 0.00000000008895 0.00000000000089
2.781733 0.00000000008860 0.00000000000089
2.782739 0.00000000008851 0.00000000000089
2.783746 0.00000000008763 0.00000000000088
2.784746 0.00000000008807 0.00000000000088
2.785753 0.00000000008870 0.00000000000089
2.786760 0.00000000008785 0.00000000000088
2.787766 0.00000000000000 0.00000000000000
2.788774 0.00000000000000 0.00000000000000
2.789781 0.00000000000000 0.00000000000000
2.790788 0.00000000000000 0.00000000000000
2.791795 0.00000000000000 0.00000000000000
2.792802 0.00000000000000 0.00000000000000
2.793809 0.00000000000000 0.00000000000000
2.794816 0.00000000000000 0.00000000000000
2.795823 0.00000000000000 0.00000000000000
2.796830 0.00000000000000 0.00000000000000
2.797837 0.00000000000000 0.00000000000000
2.798844 0.00000000000000 0.00000000000000
2.799852 0.00000000000000 0.00000000000000
2.800859 0.00000000000000 0.00000000000000
2.801866 0.00000000000000 0.00000000000000
2.802881 0.00000000000000 0.00000000000000
2.803888 0.00000000000000 0.00000000000000
2.804896 0.00000000000000 0.00000000000000
2.805903 0.00000000000000 0.00000000000000
2.806912 0.00000000000000 0.00000000000000
2.807920 0.00000000000000 0.00000000000000
2.808927 0.00000000000000 0.00000000000000
2.809936 0.00000000000000 0.00000000000000
2.810943 0.00000000000000 0.00000000000000
2.811952 0.00000000000000 0.00000000000000
2.812960 0.00000000000000 0.00000000000000
2.813975 0.00000000000000 0.00000000000000
2.814982 0.00000000000000 0.00000000000000
2.815991 0.00000000000000 0.00000000000000
2.816999 0.00000000000000 0.00000000000000
2.818007 0.00000000000000 0.00000000000000
2.819015 0.00000000000000 0.00000000000000
2.820024 0.00000000000000 0.00000000000000
2.821038 0.00000000000000 0.00000000000000
2.822047 0.00000000000000 0.00000000000000
2.823056 0.00000000000000 0.00000000000000
2.824065 0.00000000000000 0.00000000000000
2.825075 0.00000000000000 0.00000000000000
2.826083 0.00000000000000 0.00000000000000
2.827098 0.00000000000000 0.00000000000000
2.828108 0.00000000000000 0.00000000000000
2.829115 0.00000000000000 0.00000000000000
2.830125 0.00000000000000 0.00000000000000
2.831140 0.00000000000000 0.00000000000000
2.832150 0.00000000000000 0.00000000000000
2.833159 0.00000000000000 0.00000000000000
2.834169 0.00000000000000 0.00000000000000
2.835184 0.00000000000000 0.00000000000000