# 0=Wavelength (micron), 1=Flux at earth (erg/s/cm2/micron), 2=Flux uncertainty
0.850944 0.00000000181953 0.00000000001820
0.851827 0.00000000180240 0.00000000001803
0.852710 0.00000000169363 0.00000000001694
0.853594 0.00000000174976 0.00000000001750
0.854478 0.00000000184307 0.00000000001844
0.855363 0.00000000186240 0.00000000001863
0.856248 0.00000000187175 0.00000000001872
0.857133 0.00000000186428 0.00000000001865
0.858018 0.00000000187065 0.00000000001871
0.858904 0.00000000186383 0.00000000001865
0.859790 0.00000000185708 0.00000000001858
0.860677 0.00000000185329 0.00000000001854
0.861562 0.00000000188076 0.00000000001881
0.862449 0.00000000186381 0.00000000001864
0.863335 0.00000000185203 0.00000000001853
0.864222 0.00000000178730 0.00000000001788
0.865110 0.00000000169950 0.00000000001700
0.865997 0.00000000176163 0.00000000001762
0.866885 0.00000000179406 0.00000000001795
0.867773 0.00000000179871 0.00000000001799
0.868661 0.00000000180882 0.00000000001809
0.869550 0.00000000182382 0.00000000001824
0.870438 0.00000000182996 0.00000000001831
0.871327 0.00000000183486 0.00000000001836
0.872216 0.00000000183358 0.00000000001834
0.873106 0.00000000182434 0.00000000001825
0.873995 0.00000000182026 0.00000000001821
0.874885 0.00000000181761 0.00000000001818
0.875775 0.00000000182163 0.00000000001822
0.876664 0.00000000181091 0.00000000001812
0.877556 0.00000000181343 0.00000000001814
0.878446 0.00000000184674 0.00000000001847
0.879336 0.00000000177824 0.00000000001779
0.880228 0.00000000179071 0.00000000001791
0.881119 0.00000000180411 0.00000000001805
0.882011 0.00000000181260 0.00000000001813
0.882904 0.00000000181156 0.00000000001812
0.883796 0.00000000181817 0.00000000001819
0.884689 0.00000000181509 0.00000000001816
0.885581 0.00000000178822 0.00000000001789
0.886474 0.00000000179229 0.00000000001793
0.887367 0.00000000181141 0.00000000001812
0.888260 0.00000000179866 0.00000000001799
0.889153 0.00000000180338 0.00000000001804
0.890046 0.00000000179871 0.00000000001799
0.890940 0.00000000178123 0.00000000001782
0.891835 0.00000000178091 0.00000000001782
0.892729 0.00000000179096 0.00000000001792
0.893623 0.00000000176719 0.00000000001768
0.894518 0.00000000177852 0.00000000001779
0.895414 0.00000000178699 0.00000000001788
0.896309 0.00000000177521 0.00000000001776
0.897204 0.00000000176388 0.00000000001764
0.898099 0.00000000176877 0.00000000001769
0.898995 0.00000000174917 0.00000000001750
0.899892 0.00000000172122 0.00000000001722
0.900787 0.00000000170752 0.00000000001708
0.901685 0.00000000173337 0.00000000001734
0.902580 0.00000000175382 0.00000000001754
0.903478 0.00000000176122 0.00000000001762
0.904375 0.00000000175768 0.00000000001758
0.905273 0.00000000174317 0.00000000001744
0.906171 0.00000000174745 0.00000000001748
0.907067 0.00000000173099 0.00000000001732
0.907967 0.00000000170533 0.00000000001706
0.908865 0.00000000171783 0.00000000001718
0.909762 0.00000000173312 0.00000000001734
0.910662 0.00000000171924 0.00000000001720
0.911560 0.00000000173308 0.00000000001734
0.912460 0.00000000173489 0.00000000001735
0.913360 0.00000000171382 0.00000000001714
0.914259 0.00000000171113 0.00000000001712
0.915159 0.00000000169964 0.00000000001700
0.916059 0.00000000169693 0.00000000001697
0.916959 0.00000000170205 0.00000000001703
0.917860 0.00000000169770 0.00000000001698
0.918760 0.00000000169317 0.00000000001694
0.919662 0.00000000167635 0.00000000001677
0.920563 0.00000000166172 0.00000000001662
0.921463 0.00000000166036 0.00000000001661
0.922364 0.00000000166658 0.00000000001667
0.923266 0.00000000165958 0.00000000001660
0.924169 0.00000000164720 0.00000000001648
0.925071 0.00000000163955 0.00000000001640
0.925972 0.00000000166595 0.00000000001666
0.926875 0.00000000166909 0.00000000001670
0.927778 0.00000000166381 0.00000000001664
0.928681 0.00000000165681 0.00000000001657
0.929583 0.00000000166393 0.00000000001664
0.930488 0.00000000165815 0.00000000001659
0.931391 0.00000000165976 0.00000000001660
0.932296 0.00000000165472 0.00000000001655
0.933199 0.00000000164838 0.00000000001649
0.934104 0.00000000164287 0.00000000001643
0.935007 0.00000000163816 0.00000000001639
0.935913 0.00000000163421 0.00000000001635
0.936818 0.00000000163627 0.00000000001637
0.937722 0.00000000163288 0.00000000001633
0.938628 0.00000000161890 0.00000000001619
0.939532 0.00000000159829 0.00000000001599
0.940438 0.00000000158087 0.00000000001581
0.941345 0.00000000158516 0.00000000001586
0.942251 0.00000000160104 0.00000000001602
0.943156 0.00000000158881 0.00000000001589
0.944063 0.00000000159174 0.00000000001592
0.944969 0.00000000160036 0.00000000001601
0.945877 0.00000000161133 0.00000000001612
0.946784 0.00000000161801 0.00000000001619
0.947692 0.00000000161818 0.00000000001619
0.948599 0.00000000160507 0.00000000001606
0.949507 0.00000000159887 0.00000000001599
0.950414 0.00000000160008 0.00000000001601
0.951322 0.00000000159286 0.00000000001593
0.952232 0.00000000159049 0.00000000001591
0.953140 0.00000000158686 0.00000000001587
0.954048 0.00000000157641 0.00000000001577
0.954956 0.00000000158508 0.00000000001586
0.955865 0.00000000158044 0.00000000001581
0.956774 0.00000000157805 0.00000000001579
0.957685 0.00000000158997 0.00000000001590
0.958595 0.00000000157884 0.00000000001579
0.959503 0.00000000157266 0.00000000001573
0.960414 0.00000000157760 0.00000000001578
0.961325 0.00000000156466 0.00000000001565
0.962235 0.00000000156078 0.00000000001561
0.963145 0.00000000154819 0.00000000001549
0.964057 0.00000000154927 0.00000000001550
0.964966 0.00000000154027 0.00000000001541
0.965879 0.00000000155399 0.00000000001554
0.966789 0.00000000154731 0.00000000001548
0.967702 0.00000000154358 0.00000000001544
0.968613 0.00000000154739 0.00000000001548
0.969526 0.00000000153865 0.00000000001539
0.970437 0.00000000154184 0.00000000001542
0.971351 0.00000000153686 0.00000000001537
0.972262 0.00000000152768 0.00000000001528
0.973175 0.00000000152461 0.00000000001525
0.974088 0.00000000153292 0.00000000001533
0.975001 0.00000000153246 0.00000000001533
0.975914 0.00000000152250 0.00000000001523
0.976829 0.00000000151995 0.00000000001520
0.977743 0.00000000150818 0.00000000001509
0.978655 0.00000000152671 0.00000000001527
0.979569 0.00000000153916 0.00000000001540
0.980484 0.00000000153644 0.00000000001537
0.981399 0.00000000152457 0.00000000001525
0.982314 0.00000000151842 0.00000000001519
0.983229 0.00000000152485 0.00000000001525
0.984144 0.00000000152161 0.00000000001522
0.985059 0.00000000151051 0.00000000001511
0.985975 0.00000000151209 0.00000000001513
0.986890 0.00000000151182 0.00000000001512
0.987806 0.00000000150298 0.00000000001503
0.988722 0.00000000149988 0.00000000001500
0.989639 0.00000000149437 0.00000000001495
0.990554 0.00000000148942 0.00000000001490
0.991470 0.00000000148591 0.00000000001486
0.992386 0.00000000148837 0.00000000001489
0.993303 0.00000000149232 0.00000000001493
0.994222 0.00000000148953 0.00000000001490
0.995139 0.00000000149121 0.00000000001492
0.996056 0.00000000148772 0.00000000001488
0.996973 0.00000000148905 0.00000000001489
0.997892 0.00000000147856 0.00000000001479
0.998810 0.00000000147986 0.00000000001480
0.999726 0.00000000148298 0.00000000001483
1.000646 0.00000000148166 0.00000000001482
1.001564 0.00000000147305 0.00000000001473
1.002482 0.00000000146040 0.00000000001461
1.003403 0.00000000145899 0.00000000001459
1.004320 0.00000000144734 0.00000000001448
1.005241 0.00000000144617 0.00000000001447
1.006159 0.00000000146058 0.00000000001461
1.007080 0.00000000146766 0.00000000001468
1.007998 0.00000000147021 0.00000000001471
1.008919 0.00000000146484 0.00000000001465
1.009840 0.00000000146382 0.00000000001464
1.010758 0.00000000145899 0.00000000001459
1.011680 0.00000000145311 0.00000000001454
1.012601 0.00000000145200 0.00000000001452
1.013521 0.00000000144974 0.00000000001450
1.014442 0.00000000144223 0.00000000001443
1.015364 0.00000000145026 0.00000000001451
1.016284 0.00000000144830 0.00000000001449
1.017206 0.00000000145008 0.00000000001451
1.018128 0.00000000144802 0.00000000001448
1.019050 0.00000000143643 0.00000000001437
1.019973 0.00000000143486 0.00000000001435
1.020895 0.00000000142968 0.00000000001430
1.021818 0.00000000143161 0.00000000001432
1.022741 0.00000000143661 0.00000000001437
1.023661 0.00000000143153 0.00000000001432
1.024584 0.00000000143167 0.00000000001432
1.025508 0.00000000142529 0.00000000001426
1.026431 0.00000000142126 0.00000000001422
1.027354 0.00000000142231 0.00000000001423
1.028280 0.00000000141695 0.00000000001417
1.029203 0.00000000141806 0.00000000001418
1.030128 0.00000000140923 0.00000000001410
1.031052 0.00000000140756 0.00000000001408
1.031975 0.00000000138849 0.00000000001389
1.032899 0.00000000138139 0.00000000001382
1.033823 0.00000000138053 0.00000000001381
1.034750 0.00000000139877 0.00000000001399
1.035675 0.00000000138794 0.00000000001388
1.036598 0.00000000138716 0.00000000001388
1.037524 0.00000000139137 0.00000000001392
1.038450 0.00000000138001 0.00000000001380
1.039375 0.00000000138522 0.00000000001386
1.040301 0.00000000139401 0.00000000001394
1.041229 0.00000000138599 0.00000000001386
1.042153 0.00000000138998 0.00000000001390
1.043081 0.00000000138667 0.00000000001387
1.044006 0.00000000138337 0.00000000001384
1.044932 0.00000000137445 0.00000000001375
1.045860 0.00000000136733 0.00000000001368
1.046786 0.00000000137888 0.00000000001379
1.047714 0.00000000137002 0.00000000001370
1.048643 0.00000000137040 0.00000000001371
1.049568 0.00000000137614 0.00000000001377
1.050497 0.00000000136366 0.00000000001364
1.051424 0.00000000136939 0.00000000001370
1.052353 0.00000000135673 0.00000000001357
1.053281 0.00000000136232 0.00000000001363
1.054207 0.00000000136119 0.00000000001362
1.055138 0.00000000135644 0.00000000001357
1.056067 0.00000000135009 0.00000000001350
1.056994 0.00000000133267 0.00000000001333
1.057923 0.00000000132152 0.00000000001322
1.058853 0.00000000133590 0.00000000001336
1.059782 0.00000000133469 0.00000000001335
1.060712 0.00000000133438 0.00000000001335
1.061640 0.00000000134113 0.00000000001341
1.062570 0.00000000134829 0.00000000001349
1.063500 0.00000000133980 0.00000000001340
1.064430 0.00000000132458 0.00000000001325
1.065361 0.00000000130782 0.00000000001308
1.066292 0.00000000131953 0.00000000001320
1.067222 0.00000000131243 0.00000000001313
1.068153 0.00000000129414 0.00000000001294
1.069084 0.00000000131469 0.00000000001315
1.070015 0.00000000132257 0.00000000001323
1.070946 0.00000000131207 0.00000000001312
1.071877 0.00000000128610 0.00000000001286
1.072807 0.00000000129632 0.00000000001297
1.073739 0.00000000129254 0.00000000001293
1.074671 0.00000000130227 0.00000000001303
1.075605 0.00000000130273 0.00000000001303
1.076536 0.00000000129353 0.00000000001294
1.077469 0.00000000127113 0.00000000001271
1.078400 0.00000000128222 0.00000000001283
1.079332 0.00000000128002 0.00000000001280
1.080267 0.00000000125175 0.00000000001252
1.081199 0.00000000124566 0.00000000001246
1.082131 0.00000000123106 0.00000000001232
1.083063 0.00000000125473 0.00000000001255
1.083999 0.00000000127102 0.00000000001271
1.084931 0.00000000126536 0.00000000001266
1.085864 0.00000000124174 0.00000000001242
1.086800 0.00000000125496 0.00000000001255
1.087732 0.00000000125658 0.00000000001257
1.088667 0.00000000126391 0.00000000001264
1.089600 0.00000000126775 0.00000000001268
1.090536 0.00000000126065 0.00000000001261
1.091469 0.00000000125641 0.00000000001257
1.092405 0.00000000124656 0.00000000001247
1.093339 0.00000000123704 0.00000000001237
1.094275 0.00000000123637 0.00000000001237
1.095209 0.00000000122290 0.00000000001223
1.096146 0.00000000122894 0.00000000001229
1.097079 0.00000000121635 0.00000000001217
1.098015 0.00000000123168 0.00000000001232
1.098953 0.00000000122930 0.00000000001230
1.099886 0.00000000122519 0.00000000001225
1.100823 0.00000000121212 0.00000000001212
1.101760 0.00000000122962 0.00000000001230
1.102697 0.00000000122913 0.00000000001229
1.103632 0.00000000123438 0.00000000001235
1.104569 0.00000000123303 0.00000000001233
1.105506 0.00000000123289 0.00000000001233
1.106443 0.00000000123191 0.00000000001232
1.107378 0.00000000123145 0.00000000001232
1.108316 0.00000000123071 0.00000000001231
1.109253 0.00000000123194 0.00000000001232
1.110191 0.00000000122014 0.00000000001220
1.111130 0.00000000120716 0.00000000001207
1.112068 0.00000000121110 0.00000000001211
1.113006 0.00000000121597 0.00000000001216
1.113943 0.00000000120613 0.00000000001206
1.114882 0.00000000120816 0.00000000001208
1.115820 0.00000000121125 0.00000000001212
1.116758 0.00000000120650 0.00000000001207
1.117697 0.00000000119490 0.00000000001195
1.118635 0.00000000118745 0.00000000001188
1.119575 0.00000000120515 0.00000000001205
1.120513 0.00000000121230 0.00000000001213
1.121452 0.00000000120408 0.00000000001204
1.122391 0.00000000119910 0.00000000001199
1.123330 0.00000000118889 0.00000000001189
1.124269 0.00000000116781 0.00000000001168
1.125211 0.00000000119256 0.00000000001193
1.126150 0.00000000119981 0.00000000001200
1.127090 0.00000000118555 0.00000000001186
1.128029 0.00000000118225 0.00000000001183
1.128969 0.00000000118778 0.00000000001188
1.129912 0.00000000118091 0.00000000001181
1.130852 0.00000000118363 0.00000000001184
1.131791 0.00000000118221 0.00000000001182
1.132734 0.00000000117498 0.00000000001175
1.133675 0.00000000117480 0.00000000001175
1.134614 0.00000000117380 0.00000000001174
1.135557 0.00000000116862 0.00000000001169
1.136497 0.00000000114883 0.00000000001149
1.137438 0.00000000114280 0.00000000001143
1.138381 0.00000000114397 0.00000000001144
1.139321 0.00000000113667 0.00000000001137
1.140265 0.00000000114459 0.00000000001145
1.141205 0.00000000115403 0.00000000001154
1.142149 0.00000000115618 0.00000000001156
1.143090 0.00000000115896 0.00000000001159
1.144034 0.00000000116557 0.00000000001166
1.144974 0.00000000117044 0.00000000001171
1.145919 0.00000000115656 0.00000000001157
1.146860 0.00000000114959 0.00000000001150
1.147804 0.00000000115195 0.00000000001152
1.148748 0.00000000115170 0.00000000001152
1.149689 0.00000000115406 0.00000000001154
1.150635 0.00000000115722 0.00000000001157
1.151579 0.00000000115368 0.00000000001154
1.152520 0.00000000115236 0.00000000001153
1.153465 0.00000000115574 0.00000000001156
1.154409 0.00000000115049 0.00000000001151
1.155352 0.00000000114825 0.00000000001149
1.156296 0.00000000114070 0.00000000001141
1.157242 0.00000000113459 0.00000000001135
1.158186 0.00000000111403 0.00000000001114
1.159128 0.00000000111031 0.00000000001111
1.160074 0.00000000110801 0.00000000001108
1.161018 0.00000000112232 0.00000000001123
1.161964 0.00000000112527 0.00000000001126
1.162910 0.00000000111831 0.00000000001119
1.163855 0.00000000112357 0.00000000001124
1.164801 0.00000000112444 0.00000000001125
1.165746 0.00000000112540 0.00000000001126
1.166689 0.00000000111653 0.00000000001117
1.167635 0.00000000110174 0.00000000001102
1.168581 0.00000000111508 0.00000000001115
1.169527 0.00000000112224 0.00000000001123
1.170473 0.00000000112869 0.00000000001129
1.171419 0.00000000112686 0.00000000001127
1.172365 0.00000000112253 0.00000000001123
1.173311 0.00000000111463 0.00000000001115
1.174261 0.00000000110436 0.00000000001105
1.175207 0.00000000109623 0.00000000001096
1.176153 0.00000000108824 0.00000000001089
1.177101 0.00000000108857 0.00000000001089
1.178047 0.00000000109203 0.00000000001092
1.178993 0.00000000109816 0.00000000001098
1.179940 0.00000000109686 0.00000000001097
1.180887 0.00000000106325 0.00000000001064
1.181837 0.00000000104589 0.00000000001046
1.182785 0.00000000107680 0.00000000001077
1.183731 0.00000000108774 0.00000000001088
1.184679 0.00000000108672 0.00000000001087
1.185629 0.00000000108626 0.00000000001087
1.186576 0.00000000105476 0.00000000001055
1.187523 0.00000000105578 0.00000000001056
1.188471 0.00000000107615 0.00000000001076
1.189421 0.00000000108766 0.00000000001088
1.190369 0.00000000108736 0.00000000001088
1.191317 0.00000000108221 0.00000000001082
1.192268 0.00000000108533 0.00000000001086
1.193215 0.00000000107285 0.00000000001073
1.194166 0.00000000107275 0.00000000001073
1.195114 0.00000000106392 0.00000000001064
1.196062 0.00000000103315 0.00000000001033
1.197013 0.00000000102662 0.00000000001027
1.197962 0.00000000103303 0.00000000001033
1.198913 0.00000000105301 0.00000000001053
1.199861 0.00000000106357 0.00000000001064
1.200813 0.00000000105310 0.00000000001053
1.201761 0.00000000102831 0.00000000001029
1.202713 0.00000000105092 0.00000000001051
1.203661 0.00000000106017 0.00000000001060
1.204613 0.00000000105664 0.00000000001057
1.205564 0.00000000105825 0.00000000001058
1.206513 0.00000000103131 0.00000000001032
1.207465 0.00000000102965 0.00000000001030
1.208414 0.00000000103776 0.00000000001038
1.209366 0.00000000103048 0.00000000001031
1.210318 0.00000000104408 0.00000000001044
1.211267 0.00000000105044 0.00000000001051
1.212219 0.00000000105354 0.00000000001054
1.213171 0.00000000104927 0.00000000001050
1.214121 0.00000000105291 0.00000000001053
1.215073 0.00000000105074 0.00000000001051
1.216026 0.00000000104779 0.00000000001048
1.216978 0.00000000104416 0.00000000001044
1.217928 0.00000000104437 0.00000000001045
1.218880 0.00000000104629 0.00000000001047
1.219833 0.00000000104461 0.00000000001045
1.220787 0.00000000103595 0.00000000001036
1.221739 0.00000000103964 0.00000000001040
1.222692 0.00000000104053 0.00000000001041
1.223642 0.00000000103926 0.00000000001039
1.224595 0.00000000103358 0.00000000001034
1.225548 0.00000000101622 0.00000000001016
1.226502 0.00000000102009 0.00000000001020
1.227455 0.00000000102598 0.00000000001026
1.228409 0.00000000102568 0.00000000001026
1.229362 0.00000000102447 0.00000000001025
1.230316 0.00000000102250 0.00000000001023
1.231269 0.00000000102367 0.00000000001024
1.232223 0.00000000101654 0.00000000001017
1.233177 0.00000000101822 0.00000000001018
1.234130 0.00000000101784 0.00000000001018
1.235084 0.00000000102098 0.00000000001021
1.236038 0.00000000102008 0.00000000001020
1.236992 0.00000000101062 0.00000000001011
1.237945 0.00000000100953 0.00000000001010
1.238899 0.00000000100448 0.00000000001005
1.239853 0.00000000099937 0.00000000001000
1.240808 0.00000000099949 0.00000000001000
1.241762 0.00000000098826 0.00000000000988
1.242720 0.00000000099420 0.00000000000994
1.243674 0.00000000100288 0.00000000001003
1.244629 0.00000000100270 0.00000000001003
1.245583 0.00000000100187 0.00000000001002
1.246537 0.00000000100152 0.00000000001002
1.247492 0.00000000099817 0.00000000000998
1.248450 0.00000000100049 0.00000000001001
1.249405 0.00000000099785 0.00000000000998
1.250359 0.00000000098339 0.00000000000984
1.251314 0.00000000098755 0.00000000000988
1.252272 0.00000000099123 0.00000000000991
1.253227 0.00000000099483 0.00000000000995
1.254182 0.00000000098922 0.00000000000989
1.255140 0.00000000098513 0.00000000000985
1.256096 0.00000000098589 0.00000000000986
1.257051 0.00000000098479 0.00000000000985
1.258009 0.00000000098152 0.00000000000982
1.258965 0.00000000098455 0.00000000000985
1.259920 0.00000000097580 0.00000000000976
1.260879 0.00000000097230 0.00000000000973
1.261834 0.00000000097343 0.00000000000974
1.262793 0.00000000096587 0.00000000000966
1.263748 0.00000000096809 0.00000000000968
1.264707 0.00000000096730 0.00000000000968
1.265663 0.00000000096706 0.00000000000967
1.266619 0.00000000096121 0.00000000000961
1.267578 0.00000000097324 0.00000000000973
1.268534 0.00000000096754 0.00000000000968
1.269493 0.00000000097421 0.00000000000974
1.270449 0.00000000097535 0.00000000000976
1.271408 0.00000000096896 0.00000000000969
1.272367 0.00000000096335 0.00000000000964
1.273323 0.00000000096316 0.00000000000963
1.274283 0.00000000096625 0.00000000000966
1.275240 0.00000000096003 0.00000000000960
1.276199 0.00000000096031 0.00000000000961
1.277155 0.00000000095692 0.00000000000957
1.278114 0.00000000095124 0.00000000000951
1.279075 0.00000000094052 0.00000000000941
1.280031 0.00000000090977 0.00000000000910
1.280991 0.00000000090987 0.00000000000910
1.281950 0.00000000093304 0.00000000000933
1.282907 0.00000000093830 0.00000000000938
1.283867 0.00000000094159 0.00000000000942
1.284828 0.00000000094713 0.00000000000947
1.285788 0.00000000094150 0.00000000000942
1.286745 0.00000000093585 0.00000000000936
1.287705 0.00000000093205 0.00000000000932
1.288665 0.00000000092451 0.00000000000925
1.289625 0.00000000092667 0.00000000000927
1.290582 0.00000000093339 0.00000000000934
1.291542 0.00000000093210 0.00000000000932
1.292503 0.00000000093214 0.00000000000932
1.293464 0.00000000093711 0.00000000000937
1.294424 0.00000000093327 0.00000000000933
1.295382 0.00000000092656 0.00000000000927
1.296342 0.00000000092178 0.00000000000922
1.297303 0.00000000092691 0.00000000000927
1.298264 0.00000000092996 0.00000000000930
1.299225 0.00000000092722 0.00000000000927
1.300186 0.00000000092557 0.00000000000926
1.301147 0.00000000092223 0.00000000000922
1.302107 0.00000000091976 0.00000000000920
1.303069 0.00000000091934 0.00000000000920
1.304030 0.00000000092394 0.00000000000924
1.304991 0.00000000091865 0.00000000000919
1.305952 0.00000000092096 0.00000000000921
1.306913 0.00000000091617 0.00000000000916
1.307875 0.00000000090891 0.00000000000909
1.308836 0.00000000090230 0.00000000000902
1.309797 0.00000000089835 0.00000000000899
1.310759 0.00000000087450 0.00000000000875
1.311720 0.00000000088720 0.00000000000887
1.312682 0.00000000089407 0.00000000000894
1.313644 0.00000000086907 0.00000000000869
1.314605 0.00000000089870 0.00000000000899
1.315567 0.00000000089418 0.00000000000894
1.316528 0.00000000089318 0.00000000000893
1.317490 0.00000000090116 0.00000000000901
1.318452 0.00000000089987 0.00000000000900
1.319414 0.00000000089469 0.00000000000895
1.320379 0.00000000090097 0.00000000000901
1.321341 0.00000000089977 0.00000000000900
1.322304 0.00000000090229 0.00000000000902
1.323265 0.00000000089368 0.00000000000894
1.324227 0.00000000089275 0.00000000000893
1.325190 0.00000000088607 0.00000000000886
1.326155 0.00000000088072 0.00000000000881
1.327118 0.00000000086742 0.00000000000868
1.328079 0.00000000086519 0.00000000000865
1.329042 0.00000000087780 0.00000000000878
1.330008 0.00000000086767 0.00000000000868
1.330970 0.00000000086078 0.00000000000861
1.331932 0.00000000088315 0.00000000000883
1.332895 0.00000000087647 0.00000000000877
1.333861 0.00000000087612 0.00000000000876
1.334824 0.00000000088031 0.00000000000880
1.335786 0.00000000087839 0.00000000000879
1.336752 0.00000000086957 0.00000000000870
1.337715 0.00000000086693 0.00000000000867
1.338678 0.00000000087135 0.00000000000872
1.339644 0.00000000087007 0.00000000000870
1.340607 0.00000000086491 0.00000000000865
1.341570 0.00000000086684 0.00000000000867
1.342537 0.00000000086741 0.00000000000868
1.343500 0.00000000087074 0.00000000000871
1.344466 0.00000000086704 0.00000000000867
1.345429 0.00000000086517 0.00000000000865
1.346395 0.00000000086184 0.00000000000862
1.347359 0.00000000086063 0.00000000000861
1.348322 0.00000000085436 0.00000000000855
1.349289 0.00000000085233 0.00000000000853
1.350252 0.00000000085251 0.00000000000853
1.351219 0.00000000085687 0.00000000000857
1.352182 0.00000000085625 0.00000000000856
1.353149 0.00000000085081 0.00000000000851
1.354113 0.00000000084937 0.00000000000850
1.355080 0.00000000084253 0.00000000000843
1.356043 0.00000000084572 0.00000000000846
1.357010 0.00000000084549 0.00000000000846
1.357977 0.00000000083722 0.00000000000837
1.358941 0.00000000084176 0.00000000000842
1.359908 0.00000000084436 0.00000000000845
1.360872 0.00000000083007 0.00000000000830
1.361839 0.00000000082843 0.00000000000829
1.362806 0.00000000083233 0.00000000000833
1.363770 0.00000000083718 0.00000000000837
1.364738 0.00000000083164 0.00000000000832
1.365702 0.00000000083702 0.00000000000837
1.366669 0.00000000082841 0.00000000000829
1.367636 0.00000000082949 0.00000000000830
1.368601 0.00000000083085 0.00000000000831
1.369568 0.00000000082599 0.00000000000826
1.370535 0.00000000083174 0.00000000000832
1.371500 0.00000000082930 0.00000000000829
1.372467 0.00000000083468 0.00000000000835
1.373435 0.00000000083229 0.00000000000832
1.374403 0.00000000082579 0.00000000000826
1.375368 0.00000000083196 0.00000000000832
1.376336 0.00000000082769 0.00000000000828
1.377304 0.00000000082614 0.00000000000826
1.378271 0.00000000083409 0.00000000000834
1.379236 0.00000000082516 0.00000000000825
1.380203 0.00000000082360 0.00000000000824
1.381172 0.00000000081804 0.00000000000818
1.382140 0.00000000082306 0.00000000000823
1.383104 0.00000000081758 0.00000000000818
1.384073 0.00000000081272 0.00000000000813
1.385040 0.00000000081046 0.00000000000811
1.386009 0.00000000081526 0.00000000000815
1.386978 0.00000000081499 0.00000000000815
1.387945 0.00000000080913 0.00000000000809
1.388914 0.00000000080459 0.00000000000805
1.389879 0.00000000081004 0.00000000000810
1.390847 0.00000000081131 0.00000000000811
1.391816 0.00000000081264 0.00000000000813
1.392785 0.00000000080798 0.00000000000808
1.393753 0.00000000081016 0.00000000000810
1.394721 0.00000000080777 0.00000000000808
1.395690 0.00000000080413 0.00000000000804
1.396658 0.00000000080597 0.00000000000806
1.397627 0.00000000080015 0.00000000000800
1.398596 0.00000000078487 0.00000000000785
1.399565 0.00000000078937 0.00000000000790
1.400534 0.00000000079838 0.00000000000799
1.401503 0.00000000080120 0.00000000000801
1.402468 0.00000000080149 0.00000000000802
1.403440 0.00000000079583 0.00000000000796
1.404406 0.00000000079827 0.00000000000798
1.405378 0.00000000078796 0.00000000000788
1.406347 0.00000000078603 0.00000000000786
1.407316 0.00000000078882 0.00000000000789
1.408285 0.00000000078737 0.00000000000788
1.409255 0.00000000078924 0.00000000000789
1.410223 0.00000000077899 0.00000000000779
1.411193 0.00000000077661 0.00000000000777
1.412162 0.00000000078190 0.00000000000782
1.413132 0.00000000078310 0.00000000000783
1.414101 0.00000000078291 0.00000000000783
1.415070 0.00000000078324 0.00000000000783
1.416039 0.00000000078238 0.00000000000783
1.417009 0.00000000078048 0.00000000000781
1.417979 0.00000000077777 0.00000000000778
1.418951 0.00000000076962 0.00000000000770
1.419920 0.00000000077301 0.00000000000773
1.420890 0.00000000076689 0.00000000000767
1.421860 0.00000000076169 0.00000000000762
1.422830 0.00000000075991 0.00000000000760
1.423799 0.00000000076272 0.00000000000763
1.424772 0.00000000076608 0.00000000000766
1.425741 0.00000000076780 0.00000000000768
1.426712 0.00000000076100 0.00000000000761
1.427682 0.00000000074994 0.00000000000750
1.428651 0.00000000075771 0.00000000000758
1.429625 0.00000000076243 0.00000000000763
1.430594 0.00000000076365 0.00000000000764
1.431564 0.00000000077059 0.00000000000771
1.432535 0.00000000076482 0.00000000000765
1.433508 0.00000000076483 0.00000000000765
1.434478 0.00000000076495 0.00000000000765
1.435448 0.00000000076515 0.00000000000765
1.436418 0.00000000076395 0.00000000000764
1.437391 0.00000000075738 0.00000000000758
1.438361 0.00000000073931 0.00000000000739
1.439332 0.00000000074215 0.00000000000742
1.440306 0.00000000075441 0.00000000000755
1.441276 0.00000000075020 0.00000000000750
1.442246 0.00000000074318 0.00000000000743
1.443217 0.00000000074575 0.00000000000746
1.444190 0.00000000075057 0.00000000000751
1.445160 0.00000000075448 0.00000000000755
1.446131 0.00000000075181 0.00000000000752
1.447104 0.00000000075251 0.00000000000753
1.448075 0.00000000074664 0.00000000000747
1.449049 0.00000000073545 0.00000000000736
1.450019 0.00000000073104 0.00000000000731
1.450990 0.00000000074126 0.00000000000741
1.451965 0.00000000074320 0.00000000000743
1.452935 0.00000000072962 0.00000000000730
1.453909 0.00000000072939 0.00000000000730
1.454880 0.00000000073010 0.00000000000730
1.455851 0.00000000073298 0.00000000000733
1.456824 0.00000000074474 0.00000000000745
1.457796 0.00000000073535 0.00000000000736
1.458770 0.00000000073923 0.00000000000739
1.459741 0.00000000073653 0.00000000000737
1.460714 0.00000000073912 0.00000000000739
1.461685 0.00000000073512 0.00000000000735
1.462660 0.00000000073158 0.00000000000732
1.463632 0.00000000072371 0.00000000000724
1.464605 0.00000000072674 0.00000000000727
1.465576 0.00000000072972 0.00000000000730
1.466551 0.00000000072505 0.00000000000725
1.467523 0.00000000072518 0.00000000000725
1.468496 0.00000000071797 0.00000000000718
1.469468 0.00000000071794 0.00000000000718
1.470442 0.00000000072011 0.00000000000720
1.471414 0.00000000072610 0.00000000000726
1.472388 0.00000000072567 0.00000000000726
1.473360 0.00000000071972 0.00000000000720
1.474335 0.00000000072948 0.00000000000730
1.475306 0.00000000072594 0.00000000000726
1.476281 0.00000000072507 0.00000000000725
1.477254 0.00000000073442 0.00000000000735
1.478226 0.00000000073133 0.00000000000731
1.479202 0.00000000073168 0.00000000000732
1.480174 0.00000000072625 0.00000000000726
1.481147 0.00000000071968 0.00000000000720
1.482122 0.00000000072583 0.00000000000726
1.483094 0.00000000072304 0.00000000000723
1.484069 0.00000000071648 0.00000000000717
1.485041 0.00000000070653 0.00000000000707
1.486016 0.00000000066766 0.00000000000668
1.486991 0.00000000066435 0.00000000000664
1.487963 0.00000000069809 0.00000000000698
1.488937 0.00000000070815 0.00000000000708
1.489913 0.00000000071146 0.00000000000712
1.490885 0.00000000071743 0.00000000000718
1.491860 0.00000000071480 0.00000000000715
1.492835 0.00000000070710 0.00000000000707
1.493807 0.00000000070264 0.00000000000703
1.494782 0.00000000070396 0.00000000000704
1.495758 0.00000000070781 0.00000000000708
1.496733 0.00000000070586 0.00000000000706
1.497706 0.00000000070471 0.00000000000705
1.498681 0.00000000070785 0.00000000000708
1.499655 0.00000000068894 0.00000000000689
1.500631 0.00000000064845 0.00000000000649
1.501603 0.00000000063393 0.00000000000634
1.502579 0.00000000062711 0.00000000000627
1.503555 0.00000000063536 0.00000000000635
1.504530 0.00000000068251 0.00000000000683
1.505503 0.00000000069822 0.00000000000698
1.506478 0.00000000069341 0.00000000000694
1.507453 0.00000000069741 0.00000000000698
1.508428 0.00000000069158 0.00000000000692
1.509401 0.00000000070125 0.00000000000701
1.510376 0.00000000069675 0.00000000000697
1.511353 0.00000000069341 0.00000000000694
1.512329 0.00000000069480 0.00000000000695
1.513304 0.00000000069607 0.00000000000696
1.514277 0.00000000069180 0.00000000000692
1.515253 0.00000000068072 0.00000000000681
1.516229 0.00000000069005 0.00000000000690
1.517203 0.00000000069335 0.00000000000693
1.518180 0.00000000069657 0.00000000000697
1.519155 0.00000000068293 0.00000000000683
1.520131 0.00000000067582 0.00000000000676
1.521104 0.00000000068121 0.00000000000681
1.522081 0.00000000068569 0.00000000000686
1.523056 0.00000000068623 0.00000000000686
1.524033 0.00000000068840 0.00000000000689
1.525009 0.00000000068604 0.00000000000686
1.525985 0.00000000069010 0.00000000000690
1.526961 0.00000000069048 0.00000000000691
1.527937 0.00000000066312 0.00000000000663
1.528914 0.00000000067353 0.00000000000674
1.529887 0.00000000069160 0.00000000000692
1.530863 0.00000000068826 0.00000000000688
1.531840 0.00000000068223 0.00000000000682
1.532815 0.00000000067841 0.00000000000679
1.533792 0.00000000068912 0.00000000000689
1.534768 0.00000000068904 0.00000000000689
1.535745 0.00000000068549 0.00000000000686
1.536719 0.00000000067432 0.00000000000674
1.537696 0.00000000067036 0.00000000000670
1.538672 0.00000000066917 0.00000000000669
1.539649 0.00000000067797 0.00000000000678
1.540625 0.00000000068288 0.00000000000683
1.541602 0.00000000067979 0.00000000000680
1.542578 0.00000000068155 0.00000000000682
1.543555 0.00000000068363 0.00000000000684
1.544531 0.00000000068425 0.00000000000684
1.545508 0.00000000068006 0.00000000000680
1.546484 0.00000000067394 0.00000000000674
1.547461 0.00000000067759 0.00000000000678
1.548438 0.00000000066412 0.00000000000664
1.549414 0.00000000066671 0.00000000000667
1.550391 0.00000000067154 0.00000000000672
1.551367 0.00000000067092 0.00000000000671
1.552344 0.00000000065519 0.00000000000655
1.553321 0.00000000065656 0.00000000000657
1.554299 0.00000000065317 0.00000000000653
1.555276 0.00000000066000 0.00000000000660
1.556253 0.00000000066231 0.00000000000662
1.557230 0.00000000065942 0.00000000000660
1.558207 0.00000000064751 0.00000000000648
1.559184 0.00000000064537 0.00000000000645
1.560160 0.00000000064641 0.00000000000647
1.561140 0.00000000064062 0.00000000000641
1.562117 0.00000000064638 0.00000000000646
1.563094 0.00000000065373 0.00000000000654
1.564071 0.00000000065183 0.00000000000652
1.565048 0.00000000064554 0.00000000000646
1.566025 0.00000000063980 0.00000000000640
1.567001 0.00000000063542 0.00000000000636
1.567978 0.00000000063033 0.00000000000630
1.568956 0.00000000064702 0.00000000000647
1.569933 0.00000000065141 0.00000000000652
1.570912 0.00000000064133 0.00000000000641
1.571889 0.00000000063383 0.00000000000634
1.572867 0.00000000061082 0.00000000000611
1.573846 0.00000000059964 0.00000000000600
1.574823 0.00000000059962 0.00000000000600
1.575800 0.00000000058432 0.00000000000584
1.576777 0.00000000062082 0.00000000000621
1.577757 0.00000000063809 0.00000000000638
1.578735 0.00000000063463 0.00000000000635
1.579712 0.00000000062605 0.00000000000626
1.580689 0.00000000061316 0.00000000000613
1.581666 0.00000000061549 0.00000000000616
1.582643 0.00000000061573 0.00000000000616
1.583623 0.00000000063114 0.00000000000631
1.584601 0.00000000063225 0.00000000000632
1.585580 0.00000000062076 0.00000000000621
1.586558 0.00000000060922 0.00000000000609
1.587535 0.00000000057487 0.00000000000575
1.588515 0.00000000057379 0.00000000000574
1.589493 0.00000000059845 0.00000000000599
1.590469 0.00000000060872 0.00000000000609
1.591447 0.00000000062656 0.00000000000627
1.592427 0.00000000062439 0.00000000000624
1.593405 0.00000000062018 0.00000000000620
1.594385 0.00000000060904 0.00000000000609
1.595362 0.00000000059549 0.00000000000596
1.596342 0.00000000061383 0.00000000000614
1.597320 0.00000000062343 0.00000000000624
1.598297 0.00000000062412 0.00000000000624
1.599275 0.00000000061902 0.00000000000619
1.600255 0.00000000061345 0.00000000000614
1.601233 0.00000000062400 0.00000000000624
1.602212 0.00000000062492 0.00000000000625
1.603190 0.00000000061319 0.00000000000613
1.604170 0.00000000061889 0.00000000000619
1.605148 0.00000000061140 0.00000000000611
1.606125 0.00000000061135 0.00000000000611
1.607106 0.00000000061650 0.00000000000617
1.608084 0.00000000060646 0.00000000000607
1.609064 0.00000000059998 0.00000000000600
1.610042 0.00000000061420 0.00000000000614
1.611022 0.00000000060967 0.00000000000610
1.612000 0.00000000060860 0.00000000000609
1.612977 0.00000000061749 0.00000000000618
1.613958 0.00000000060325 0.00000000000603
1.614935 0.00000000059220 0.00000000000592
1.615916 0.00000000059796 0.00000000000598
1.616896 0.00000000059305 0.00000000000593
1.617874 0.00000000059230 0.00000000000592
1.618852 0.00000000058453 0.00000000000585
1.619832 0.00000000058770 0.00000000000588
1.620813 0.00000000060215 0.00000000000602
1.621791 0.00000000060117 0.00000000000601
1.622771 0.00000000060228 0.00000000000602
1.623749 0.00000000061066 0.00000000000611
1.624727 0.00000000061697 0.00000000000617
1.625708 0.00000000061992 0.00000000000620
1.626688 0.00000000061891 0.00000000000619
1.627669 0.00000000060750 0.00000000000608
1.628647 0.00000000060829 0.00000000000608
1.629625 0.00000000060738 0.00000000000607
1.630605 0.00000000059344 0.00000000000594
1.631586 0.00000000059597 0.00000000000596
1.632564 0.00000000060918 0.00000000000609
1.633545 0.00000000060595 0.00000000000606
1.634522 0.00000000059744 0.00000000000598
1.635503 0.00000000058719 0.00000000000587
1.636484 0.00000000058212 0.00000000000582
1.637462 0.00000000057206 0.00000000000572
1.638443 0.00000000057632 0.00000000000576
1.639420 0.00000000057452 0.00000000000575
1.640401 0.00000000058544 0.00000000000586
1.641382 0.00000000058993 0.00000000000590
1.642363 0.00000000058391 0.00000000000584
1.643341 0.00000000057634 0.00000000000576
1.644319 0.00000000058783 0.00000000000588
1.645300 0.00000000058847 0.00000000000589
1.646280 0.00000000058688 0.00000000000587
1.647261 0.00000000057885 0.00000000000579
1.648239 0.00000000058242 0.00000000000583
1.649220 0.00000000059061 0.00000000000591
1.650201 0.00000000058046 0.00000000000581
1.651179 0.00000000056889 0.00000000000569
1.652161 0.00000000057293 0.00000000000573
1.653139 0.00000000057016 0.00000000000570
1.654120 0.00000000058048 0.00000000000581
1.655101 0.00000000057514 0.00000000000575
1.656082 0.00000000058610 0.00000000000586
1.657060 0.00000000058482 0.00000000000585
1.658041 0.00000000058694 0.00000000000587
1.659021 0.00000000058494 0.00000000000585
1.660002 0.00000000057918 0.00000000000579
1.660981 0.00000000057706 0.00000000000577
1.661962 0.00000000057584 0.00000000000576
1.662943 0.00000000057263 0.00000000000573
1.663924 0.00000000056843 0.00000000000569
1.664902 0.00000000055702 0.00000000000557
1.665883 0.00000000056554 0.00000000000566
1.666864 0.00000000055723 0.00000000000557
1.667845 0.00000000056840 0.00000000000568
1.668824 0.00000000056971 0.00000000000570
1.669805 0.00000000056461 0.00000000000565
1.670786 0.00000000054907 0.00000000000549
1.671768 0.00000000055242 0.00000000000553
1.672746 0.00000000056212 0.00000000000562
1.673727 0.00000000054433 0.00000000000544
1.674708 0.00000000053770 0.00000000000538
1.675689 0.00000000054984 0.00000000000550
1.676668 0.00000000056404 0.00000000000564
1.677649 0.00000000055857 0.00000000000559
1.678630 0.00000000055492 0.00000000000555
1.679611 0.00000000055351 0.00000000000554
1.680592 0.00000000055366 0.00000000000554
1.681574 0.00000000054865 0.00000000000549
1.682555 0.00000000055024 0.00000000000550
1.683533 0.00000000055505 0.00000000000555
1.684515 0.00000000055279 0.00000000000553
1.685496 0.00000000055187 0.00000000000552
1.686477 0.00000000054820 0.00000000000548
1.687456 0.00000000054547 0.00000000000546
1.688440 0.00000000054829 0.00000000000548
1.689421 0.00000000054578 0.00000000000546
1.690400 0.00000000055189 0.00000000000552
1.691381 0.00000000054791 0.00000000000548
1.692363 0.00000000054977 0.00000000000550
1.693344 0.00000000054641 0.00000000000546
1.694322 0.00000000054269 0.00000000000543
1.695307 0.00000000054075 0.00000000000541
1.696288 0.00000000053875 0.00000000000539
1.697266 0.00000000054145 0.00000000000542
1.698248 0.00000000053567 0.00000000000536
1.699229 0.00000000052771 0.00000000000528
1.700210 0.00000000052792 0.00000000000528
1.701192 0.00000000053758 0.00000000000538
1.702173 0.00000000053584 0.00000000000536
1.703155 0.00000000053858 0.00000000000539
1.704134 0.00000000053207 0.00000000000532
1.705118 0.00000000052701 0.00000000000527
1.706099 0.00000000052371 0.00000000000524
1.707078 0.00000000052738 0.00000000000527
1.708059 0.00000000051841 0.00000000000518
1.709041 0.00000000050820 0.00000000000508
1.710022 0.00000000048242 0.00000000000483
1.711003 0.00000000050954 0.00000000000510
1.711986 0.00000000052083 0.00000000000521
1.712967 0.00000000052579 0.00000000000526
1.713948 0.00000000052394 0.00000000000524
1.714930 0.00000000052032 0.00000000000520
1.715912 0.00000000051896 0.00000000000519
1.716890 0.00000000052301 0.00000000000523
1.717875 0.00000000051874 0.00000000000519
1.718856 0.00000000051788 0.00000000000518
1.719835 0.00000000051087 0.00000000000511
1.720819 0.00000000051251 0.00000000000513
1.721801 0.00000000050774 0.00000000000508
1.722780 0.00000000050774 0.00000000000508
1.723764 0.00000000051322 0.00000000000513
1.724746 0.00000000051289 0.00000000000513
1.725725 0.00000000051475 0.00000000000515
1.726709 0.00000000050566 0.00000000000506
1.727690 0.00000000050444 0.00000000000505
1.728670 0.00000000050066 0.00000000000501
1.729651 0.00000000049749 0.00000000000498
1.730635 0.00000000049567 0.00000000000496
1.731614 0.00000000048266 0.00000000000483
1.732599 0.00000000048740 0.00000000000487
1.733580 0.00000000048974 0.00000000000490
1.734559 0.00000000049374 0.00000000000494
1.735544 0.00000000049145 0.00000000000492
1.736525 0.00000000049375 0.00000000000494
1.737504 0.00000000049631 0.00000000000496
1.738489 0.00000000049345 0.00000000000494
1.739471 0.00000000048608 0.00000000000486
1.740449 0.00000000048476 0.00000000000485
1.741434 0.00000000049298 0.00000000000493
1.742416 0.00000000049317 0.00000000000493
1.743397 0.00000000049165 0.00000000000492
1.744379 0.00000000048835 0.00000000000488
1.745361 0.00000000048456 0.00000000000485
1.746342 0.00000000048250 0.00000000000483
1.747325 0.00000000048262 0.00000000000483
1.748306 0.00000000048625 0.00000000000486
1.749288 0.00000000048182 0.00000000000482
1.750270 0.00000000048096 0.00000000000481
1.751251 0.00000000047553 0.00000000000476
1.752233 0.00000000047595 0.00000000000476
1.753218 0.00000000047350 0.00000000000474
1.754197 0.00000000047373 0.00000000000474
1.755178 0.00000000047709 0.00000000000477
1.756163 0.00000000047522 0.00000000000475
1.757143 0.00000000047304 0.00000000000473
1.758128 0.00000000047552 0.00000000000476
1.759109 0.00000000047167 0.00000000000472
1.760090 0.00000000046599 0.00000000000466
1.761073 0.00000000046358 0.00000000000464
1.762055 0.00000000046690 0.00000000000467
1.763036 0.00000000047043 0.00000000000471
1.764021 0.00000000047360 0.00000000000474
1.765000 0.00000000047101 0.00000000000471
1.765982 0.00000000047024 0.00000000000470
1.766967 0.00000000046735 0.00000000000467
1.767946 0.00000000046342 0.00000000000463
1.768931 0.00000000045654 0.00000000000457
1.769913 0.00000000045395 0.00000000000454
1.770894 0.00000000045256 0.00000000000453
1.771877 0.00000000044954 0.00000000000450
1.772858 0.00000000044723 0.00000000000447
1.773840 0.00000000044772 0.00000000000448
1.774825 0.00000000045069 0.00000000000451
1.775804 0.00000000044653 0.00000000000447
1.776789 0.00000000044761 0.00000000000448
1.777771 0.00000000045370 0.00000000000454
1.778752 0.00000000045312 0.00000000000453
1.779735 0.00000000045411 0.00000000000454
1.780716 0.00000000045061 0.00000000000451
1.781698 0.00000000044451 0.00000000000445
1.782683 0.00000000043911 0.00000000000439
1.783662 0.00000000043629 0.00000000000436
1.784647 0.00000000044696 0.00000000000447
1.785629 0.00000000044849 0.00000000000449
1.786610 0.00000000044571 0.00000000000446
1.787596 0.00000000044493 0.00000000000445
1.788575 0.00000000044366 0.00000000000444
1.789560 0.00000000044068 0.00000000000441
1.790542 0.00000000044182 0.00000000000442
1.791523 0.00000000043466 0.00000000000435
1.792506 0.00000000042701 0.00000000000427
1.793488 0.00000000042809 0.00000000000428
1.794470 0.00000000043226 0.00000000000432
1.795455 0.00000000043266 0.00000000000433
1.796434 0.00000000043153 0.00000000000432
1.797419 0.00000000042679 0.00000000000427
1.798401 0.00000000042587 0.00000000000426
1.799383 0.00000000042589 0.00000000000426
1.800368 0.00000000042249 0.00000000000423
1.801347 0.00000000042077 0.00000000000421
1.802332 0.00000000041972 0.00000000000420
1.803314 0.00000000042162 0.00000000000422
1.804296 0.00000000041760 0.00000000000418
1.805281 0.00000000041763 0.00000000000418
1.806260 0.00000000042180 0.00000000000422
1.807245 0.00000000042202 0.00000000000422
1.808227 0.00000000041767 0.00000000000418
1.809209 0.00000000041714 0.00000000000417
1.810194 0.00000000041658 0.00000000000417
1.811174 0.00000000041875 0.00000000000419
1.812159 0.00000000041825 0.00000000000418
1.813141 0.00000000041882 0.00000000000419
1.814122 0.00000000041385 0.00000000000414
1.815108 0.00000000041414 0.00000000000414
1.816087 0.00000000041319 0.00000000000413
1.817072 0.00000000041090 0.00000000000411
1.818054 0.00000000041103 0.00000000000411
1.819035 0.00000000041382 0.00000000000414
1.820021 0.00000000041608 0.00000000000416
1.821000 0.00000000041063 0.00000000000411
1.821986 0.00000000041225 0.00000000000412
1.822967 0.00000000041685 0.00000000000417
1.823949 0.00000000041503 0.00000000000415
1.824934 0.00000000041846 0.00000000000419
1.825914 0.00000000041286 0.00000000000413
1.826899 0.00000000040944 0.00000000000410
1.827881 0.00000000040546 0.00000000000406
1.828863 0.00000000041059 0.00000000000411
1.829848 0.00000000041044 0.00000000000411
1.830827 0.00000000040607 0.00000000000406
1.831813 0.00000000040870 0.00000000000409
1.832794 0.00000000040621 0.00000000000406
1.833776 0.00000000040760 0.00000000000408
1.834762 0.00000000040145 0.00000000000402
1.835743 0.00000000039103 0.00000000000391
1.836727 0.00000000038489 0.00000000000385
1.837708 0.00000000039228 0.00000000000392
1.838694 0.00000000038851 0.00000000000389
1.839676 0.00000000038540 0.00000000000385
1.840657 0.00000000038238 0.00000000000382
1.841643 0.00000000038522 0.00000000000385
1.842622 0.00000000038859 0.00000000000389
1.843607 0.00000000038120 0.00000000000381
1.844589 0.00000000037867 0.00000000000379
1.845571 0.00000000036794 0.00000000000368
1.846557 0.00000000037475 0.00000000000375
1.847538 0.00000000038000 0.00000000000380
1.848522 0.00000000038480 0.00000000000385
1.849503 0.00000000038565 0.00000000000386
1.850489 0.00000000039373 0.00000000000394
1.851471 0.00000000038814 0.00000000000388
1.852452 0.00000000039179 0.00000000000392
1.853438 0.00000000038871 0.00000000000389
1.854417 0.00000000038362 0.00000000000384
1.855403 0.00000000038801 0.00000000000388
1.856384 0.00000000038320 0.00000000000383
1.857366 0.00000000037696 0.00000000000377
1.858352 0.00000000038021 0.00000000000380
1.859333 0.00000000038255 0.00000000000383
1.860317 0.00000000038086 0.00000000000381
1.861299 0.00000000038654 0.00000000000387
1.862284 0.00000000038431 0.00000000000384
1.863266 0.00000000038285 0.00000000000383
1.864248 0.00000000037797 0.00000000000378
1.865233 0.00000000037819 0.00000000000378
1.866215 0.00000000038067 0.00000000000381
1.867199 0.00000000037768 0.00000000000378
1.868180 0.00000000037768 0.00000000000378
1.869166 0.00000000037713 0.00000000000377
1.870148 0.00000000037115 0.00000000000371
1.871129 0.00000000036375 0.00000000000364
1.872115 0.00000000036058 0.00000000000361
1.873097 0.00000000035973 0.00000000000360
1.874080 0.00000000034222 0.00000000000342
1.875061 0.00000000034651 0.00000000000347
1.876047 0.00000000036028 0.00000000000360
1.877029 0.00000000036167 0.00000000000362
1.878011 0.00000000036566 0.00000000000366
1.878997 0.00000000037014 0.00000000000370
1.879979 0.00000000037052 0.00000000000371
1.880962 0.00000000036859 0.00000000000369
1.881943 0.00000000037030 0.00000000000370
1.882929 0.00000000036634 0.00000000000366
1.883911 0.00000000036131 0.00000000000361
1.884893 0.00000000035802 0.00000000000358
1.885878 0.00000000036387 0.00000000000364
1.886860 0.00000000036074 0.00000000000361
1.887844 0.00000000036020 0.00000000000360
1.888825 0.00000000036063 0.00000000000361
1.889811 0.00000000035944 0.00000000000360
1.890793 0.00000000036140 0.00000000000361
1.891775 0.00000000035815 0.00000000000358
1.892760 0.00000000035796 0.00000000000358
1.893742 0.00000000035468 0.00000000000355
1.894725 0.00000000035012 0.00000000000350
1.895707 0.00000000035552 0.00000000000356
1.896693 0.00000000035699 0.00000000000357
1.897675 0.00000000035309 0.00000000000353
1.898656 0.00000000035628 0.00000000000356
1.899643 0.00000000035689 0.00000000000357
1.900624 0.00000000035480 0.00000000000355
1.901610 0.00000000035271 0.00000000000353
1.902589 0.00000000035092 0.00000000000351
1.903575 0.00000000035159 0.00000000000352
1.904556 0.00000000035399 0.00000000000354
1.905543 0.00000000035408 0.00000000000354
1.906525 0.00000000035230 0.00000000000352
1.907506 0.00000000035315 0.00000000000353
1.908492 0.00000000035092 0.00000000000351
1.909471 0.00000000034785 0.00000000000348
1.910457 0.00000000034561 0.00000000000346
1.911438 0.00000000034760 0.00000000000348
1.912425 0.00000000035281 0.00000000000353
1.913406 0.00000000035188 0.00000000000352
1.914388 0.00000000035106 0.00000000000351
1.915374 0.00000000034684 0.00000000000347
1.916355 0.00000000034660 0.00000000000347
1.917339 0.00000000034912 0.00000000000349
1.918321 0.00000000033809 0.00000000000338
1.919307 0.00000000033774 0.00000000000338
1.920288 0.00000000034291 0.00000000000343
1.921270 0.00000000034149 0.00000000000342
1.922256 0.00000000034200 0.00000000000342
1.923238 0.00000000034554 0.00000000000346
1.924224 0.00000000034288 0.00000000000343
1.925203 0.00000000033804 0.00000000000338
1.926189 0.00000000034097 0.00000000000341
1.927171 0.00000000033454 0.00000000000335
1.928156 0.00000000033407 0.00000000000334
1.929138 0.00000000032797 0.00000000000328
1.930120 0.00000000031677 0.00000000000317
1.931106 0.00000000032965 0.00000000000330
1.932087 0.00000000033294 0.00000000000333
1.933074 0.00000000033322 0.00000000000333
1.934053 0.00000000033359 0.00000000000334
1.935039 0.00000000033741 0.00000000000337
1.936020 0.00000000033775 0.00000000000338
1.937006 0.00000000033011 0.00000000000330
1.937988 0.00000000032816 0.00000000000328
1.938970 0.00000000032723 0.00000000000327
1.939956 0.00000000032759 0.00000000000328
1.940937 0.00000000032302 0.00000000000323
1.941921 0.00000000031245 0.00000000000313
1.942903 0.00000000031139 0.00000000000311
1.943889 0.00000000029870 0.00000000000299
1.944870 0.00000000030040 0.00000000000300
1.945857 0.00000000031210 0.00000000000312
1.946838 0.00000000031791 0.00000000000318
1.947820 0.00000000031498 0.00000000000315
1.948806 0.00000000030934 0.00000000000309
1.949787 0.00000000029836 0.00000000000298
1.950771 0.00000000031492 0.00000000000315
1.951753 0.00000000032232 0.00000000000322
1.952739 0.00000000032392 0.00000000000324
1.953720 0.00000000032460 0.00000000000325
1.954707 0.00000000032370 0.00000000000324
1.955688 0.00000000032470 0.00000000000325
1.956670 0.00000000032203 0.00000000000322
1.957656 0.00000000031989 0.00000000000320
1.958637 0.00000000032082 0.00000000000321
1.959621 0.00000000031876 0.00000000000319
1.960603 0.00000000031667 0.00000000000317
1.961589 0.00000000031704 0.00000000000317
1.962570 0.00000000031567 0.00000000000316
1.963557 0.00000000031674 0.00000000000317
1.964538 0.00000000031955 0.00000000000320
1.965520 0.00000000032128 0.00000000000321
1.966506 0.00000000031746 0.00000000000318
1.967487 0.00000000031881 0.00000000000319
1.968471 0.00000000031649 0.00000000000317
1.969453 0.00000000031596 0.00000000000316
1.970439 0.00000000030918 0.00000000000309
1.971420 0.00000000030057 0.00000000000301
1.972407 0.00000000030489 0.00000000000305
1.973389 0.00000000030611 0.00000000000306
1.974370 0.00000000030516 0.00000000000305
1.975356 0.00000000029986 0.00000000000300
1.976337 0.00000000028328 0.00000000000283
1.977322 0.00000000028344 0.00000000000284
1.978303 0.00000000029426 0.00000000000294
1.979289 0.00000000030093 0.00000000000301
1.980271 0.00000000030130 0.00000000000301
1.981257 0.00000000030327 0.00000000000303
1.982239 0.00000000030442 0.00000000000304
1.983220 0.00000000029804 0.00000000000298
1.984206 0.00000000028732 0.00000000000287
1.985188 0.00000000028244 0.00000000000283
1.986172 0.00000000029489 0.00000000000295
1.987153 0.00000000030161 0.00000000000302
1.988140 0.00000000030331 0.00000000000303
1.989121 0.00000000030027 0.00000000000300
1.990107 0.00000000029617 0.00000000000296
1.991089 0.00000000028996 0.00000000000290
1.992070 0.00000000028598 0.00000000000286
1.993056 0.00000000029072 0.00000000000291
1.994038 0.00000000029615 0.00000000000296
1.995024 0.00000000029390 0.00000000000294
1.996004 0.00000000029429 0.00000000000294
1.996990 0.00000000029806 0.00000000000298
1.997971 0.00000000030069 0.00000000000301
1.998957 0.00000000029786 0.00000000000298
1.999939 0.00000000029725 0.00000000000297
2.000921 0.00000000029555 0.00000000000296
2.001907 0.00000000029621 0.00000000000296
2.002888 0.00000000029722 0.00000000000297
2.003875 0.00000000029537 0.00000000000295
2.004853 0.00000000029464 0.00000000000295
2.005840 0.00000000029782 0.00000000000298
2.006821 0.00000000029401 0.00000000000294
2.007807 0.00000000029454 0.00000000000295
2.008789 0.00000000029514 0.00000000000295
2.009771 0.00000000029404 0.00000000000294
2.010757 0.00000000029521 0.00000000000295
2.011738 0.00000000029325 0.00000000000293
2.012725 0.00000000029499 0.00000000000295
2.013704 0.00000000029318 0.00000000000293
2.014690 0.00000000029134 0.00000000000291
2.015672 0.00000000029094 0.00000000000291
2.016658 0.00000000029031 0.00000000000290
2.017639 0.00000000029080 0.00000000000291
2.018621 0.00000000028955 0.00000000000290
2.019607 0.00000000028932 0.00000000000289
2.020589 0.00000000028826 0.00000000000288
2.021575 0.00000000028875 0.00000000000289
2.022556 0.00000000028630 0.00000000000286
2.023540 0.00000000028690 0.00000000000287
2.024522 0.00000000028703 0.00000000000287
2.025508 0.00000000028614 0.00000000000286
2.026489 0.00000000028409 0.00000000000284
2.027476 0.00000000028250 0.00000000000283
2.028457 0.00000000028153 0.00000000000282
2.029439 0.00000000028124 0.00000000000281
2.030425 0.00000000028313 0.00000000000283
2.031406 0.00000000028319 0.00000000000283
2.032393 0.00000000028186 0.00000000000282
2.033372 0.00000000028060 0.00000000000281
2.034359 0.00000000027991 0.00000000000280
2.035340 0.00000000028091 0.00000000000281
2.036326 0.00000000027999 0.00000000000280
2.037308 0.00000000027838 0.00000000000278
2.038289 0.00000000027963 0.00000000000280
2.039276 0.00000000027940 0.00000000000279
2.040257 0.00000000027927 0.00000000000279
2.041243 0.00000000028088 0.00000000000281
2.042222 0.00000000027948 0.00000000000280
2.043209 0.00000000027799 0.00000000000278
2.044190 0.00000000027793 0.00000000000278
2.045177 0.00000000027949 0.00000000000280
2.046158 0.00000000027630 0.00000000000276
2.047139 0.00000000027575 0.00000000000276
2.048126 0.00000000027427 0.00000000000274
2.049107 0.00000000027501 0.00000000000275
2.050093 0.00000000027406 0.00000000000274
2.051075 0.00000000027407 0.00000000000274
2.052059 0.00000000027418 0.00000000000274
2.053041 0.00000000027338 0.00000000000273
2.054027 0.00000000027220 0.00000000000272
2.055008 0.00000000027111 0.00000000000271
2.055995 0.00000000027172 0.00000000000272
2.056976 0.00000000026901 0.00000000000269
2.057958 0.00000000026757 0.00000000000268
2.058944 0.00000000026614 0.00000000000266
2.059925 0.00000000026756 0.00000000000268
2.060912 0.00000000026577 0.00000000000266
2.061891 0.00000000026316 0.00000000000263
2.062877 0.00000000026621 0.00000000000266
2.063858 0.00000000026770 0.00000000000268
2.064845 0.00000000026713 0.00000000000267
2.065827 0.00000000026542 0.00000000000265
2.066808 0.00000000026351 0.00000000000264
2.067795 0.00000000026358 0.00000000000264
2.068775 0.00000000026434 0.00000000000264
2.069762 0.00000000026172 0.00000000000262
2.070741 0.00000000026272 0.00000000000263
2.071728 0.00000000026028 0.00000000000260
2.072709 0.00000000026104 0.00000000000261
2.073695 0.00000000026259 0.00000000000263
2.074677 0.00000000026160 0.00000000000262
2.075658 0.00000000026275 0.00000000000263
2.076645 0.00000000026392 0.00000000000264
2.077626 0.00000000026058 0.00000000000261
2.078612 0.00000000025906 0.00000000000259
2.079594 0.00000000025705 0.00000000000257
2.080580 0.00000000025531 0.00000000000255
2.081559 0.00000000026016 0.00000000000260
2.082546 0.00000000025433 0.00000000000254
2.083527 0.00000000025542 0.00000000000255
2.084514 0.00000000025677 0.00000000000257
2.085495 0.00000000025708 0.00000000000257
2.086476 0.00000000025577 0.00000000000256
2.087463 0.00000000025563 0.00000000000256
2.088444 0.00000000025542 0.00000000000255
2.089431 0.00000000025385 0.00000000000254
2.090410 0.00000000025088 0.00000000000251
2.091396 0.00000000025141 0.00000000000251
2.092378 0.00000000025428 0.00000000000254
2.093364 0.00000000025454 0.00000000000255
2.094345 0.00000000025011 0.00000000000250
2.095332 0.00000000025204 0.00000000000252
2.096313 0.00000000025213 0.00000000000252
2.097295 0.00000000025016 0.00000000000250
2.098281 0.00000000025143 0.00000000000251
2.099262 0.00000000025184 0.00000000000252
2.100249 0.00000000024963 0.00000000000250
2.101228 0.00000000024964 0.00000000000250
2.102215 0.00000000024703 0.00000000000247
2.103195 0.00000000024589 0.00000000000246
2.104182 0.00000000024337 0.00000000000243
2.105164 0.00000000023917 0.00000000000239
2.106145 0.00000000024397 0.00000000000244
2.107132 0.00000000024316 0.00000000000243
2.108113 0.00000000024072 0.00000000000241
2.109099 0.00000000024438 0.00000000000244
2.110080 0.00000000024560 0.00000000000246
2.111065 0.00000000024447 0.00000000000245
2.112046 0.00000000024280 0.00000000000243
2.113033 0.00000000024200 0.00000000000242
2.114014 0.00000000024201 0.00000000000242
2.115001 0.00000000023556 0.00000000000236
2.115982 0.00000000023914 0.00000000000239
2.116963 0.00000000024202 0.00000000000242
2.117950 0.00000000024025 0.00000000000240
2.118931 0.00000000024113 0.00000000000241
2.119918 0.00000000024056 0.00000000000241
2.120899 0.00000000024199 0.00000000000242
2.121884 0.00000000024187 0.00000000000242
2.122865 0.00000000024128 0.00000000000241
2.123851 0.00000000024138 0.00000000000241
2.124832 0.00000000024265 0.00000000000243
2.125819 0.00000000024199 0.00000000000242
2.126800 0.00000000024071 0.00000000000241
2.127782 0.00000000024183 0.00000000000242
2.128769 0.00000000024121 0.00000000000241
2.129749 0.00000000024025 0.00000000000240
2.130736 0.00000000023937 0.00000000000239
2.131715 0.00000000023861 0.00000000000239
2.132702 0.00000000023959 0.00000000000240
2.133683 0.00000000023424 0.00000000000234
2.134670 0.00000000023507 0.00000000000235
2.135651 0.00000000023638 0.00000000000236
2.136638 0.00000000023726 0.00000000000237
2.137619 0.00000000023867 0.00000000000239
2.138600 0.00000000023739 0.00000000000237
2.139587 0.00000000023658 0.00000000000237
2.140568 0.00000000023714 0.00000000000237
2.141555 0.00000000023535 0.00000000000235
2.142536 0.00000000023455 0.00000000000235
2.143521 0.00000000023383 0.00000000000234
2.144502 0.00000000023291 0.00000000000233
2.145488 0.00000000023360 0.00000000000234
2.146469 0.00000000023430 0.00000000000234
2.147456 0.00000000023436 0.00000000000234
2.148438 0.00000000023351 0.00000000000234
2.149419 0.00000000023425 0.00000000000234
2.150406 0.00000000023425 0.00000000000234
2.151387 0.00000000023201 0.00000000000232
2.152373 0.00000000023343 0.00000000000233
2.153354 0.00000000023220 0.00000000000232
2.154341 0.00000000023225 0.00000000000232
2.155320 0.00000000023153 0.00000000000232
2.156307 0.00000000023224 0.00000000000232
2.157288 0.00000000023054 0.00000000000231
2.158275 0.00000000023103 0.00000000000231
2.159256 0.00000000022879 0.00000000000229
2.160243 0.00000000022849 0.00000000000229
2.161224 0.00000000022749 0.00000000000228
2.162205 0.00000000022686 0.00000000000227
2.163193 0.00000000022361 0.00000000000224
2.164173 0.00000000022137 0.00000000000221
2.165160 0.00000000022500 0.00000000000225
2.166139 0.00000000022520 0.00000000000225
2.167126 0.00000000022738 0.00000000000227
2.168107 0.00000000022664 0.00000000000227
2.169094 0.00000000022670 0.00000000000227
2.170075 0.00000000022524 0.00000000000225
2.171062 0.00000000022744 0.00000000000227
2.172043 0.00000000022507 0.00000000000225
2.173024 0.00000000022492 0.00000000000225
2.174011 0.00000000022502 0.00000000000225
2.174992 0.00000000022372 0.00000000000224
2.175979 0.00000000022062 0.00000000000221
2.176960 0.00000000022001 0.00000000000220
2.177947 0.00000000022021 0.00000000000220
2.178926 0.00000000022250 0.00000000000223
2.179913 0.00000000022136 0.00000000000221
2.180894 0.00000000022064 0.00000000000221
2.181881 0.00000000022202 0.00000000000222
2.182862 0.00000000022098 0.00000000000221
2.183849 0.00000000022094 0.00000000000221
2.184830 0.00000000022045 0.00000000000220
2.185817 0.00000000021730 0.00000000000217
2.186798 0.00000000021563 0.00000000000216
2.187779 0.00000000021634 0.00000000000216
2.188766 0.00000000021763 0.00000000000218
2.189747 0.00000000021894 0.00000000000219
2.190734 0.00000000021901 0.00000000000219
2.191715 0.00000000021973 0.00000000000220
2.192702 0.00000000021933 0.00000000000219
2.193681 0.00000000021907 0.00000000000219
2.194668 0.00000000021907 0.00000000000219
2.195649 0.00000000021783 0.00000000000218
2.196636 0.00000000021698 0.00000000000217
2.197617 0.00000000021563 0.00000000000216
2.198604 0.00000000021469 0.00000000000215
2.199585 0.00000000021457 0.00000000000215
2.200572 0.00000000021486 0.00000000000215
2.201553 0.00000000021521 0.00000000000215
2.202534 0.00000000021258 0.00000000000213
2.203521 0.00000000020630 0.00000000000206
2.204503 0.00000000020201 0.00000000000202
2.205490 0.00000000020812 0.00000000000208
2.206470 0.00000000020643 0.00000000000206
2.207457 0.00000000020762 0.00000000000208
2.208439 0.00000000021187 0.00000000000212
2.209426 0.00000000021273 0.00000000000213
2.210405 0.00000000021197 0.00000000000212
2.211392 0.00000000021262 0.00000000000213
2.212373 0.00000000021310 0.00000000000213
2.213360 0.00000000021281 0.00000000000213
2.214340 0.00000000021230 0.00000000000212
2.215328 0.00000000021188 0.00000000000212
2.216309 0.00000000021234 0.00000000000212
2.217296 0.00000000021167 0.00000000000212
2.218277 0.00000000021004 0.00000000000210
2.219264 0.00000000020924 0.00000000000209
2.220245 0.00000000020861 0.00000000000209
2.221226 0.00000000020777 0.00000000000208
2.222214 0.00000000020839 0.00000000000208
2.223195 0.00000000020667 0.00000000000207
2.224182 0.00000000020412 0.00000000000204
2.225162 0.00000000020420 0.00000000000204
2.226150 0.00000000020485 0.00000000000205
2.227131 0.00000000020620 0.00000000000206
2.228118 0.00000000020704 0.00000000000207
2.229099 0.00000000020540 0.00000000000205
2.230086 0.00000000020558 0.00000000000206
2.231065 0.00000000020608 0.00000000000206
2.232052 0.00000000020523 0.00000000000205
2.233033 0.00000000020502 0.00000000000205
2.234020 0.00000000020441 0.00000000000204
2.235002 0.00000000020369 0.00000000000204
2.235989 0.00000000019909 0.00000000000199
2.236970 0.00000000020014 0.00000000000200
2.237957 0.00000000020267 0.00000000000203
2.238938 0.00000000020306 0.00000000000203
2.239925 0.00000000020143 0.00000000000201
2.240906 0.00000000020134 0.00000000000201
2.241893 0.00000000020132 0.00000000000201
2.242874 0.00000000020124 0.00000000000201
2.243861 0.00000000019966 0.00000000000200
2.244843 0.00000000019872 0.00000000000199
2.245830 0.00000000019793 0.00000000000198
2.246811 0.00000000020012 0.00000000000200
2.247792 0.00000000019992 0.00000000000200
2.248779 0.00000000020072 0.00000000000201
2.249760 0.00000000019926 0.00000000000199
2.250747 0.00000000019870 0.00000000000199
2.251729 0.00000000019769 0.00000000000198
2.252716 0.00000000019740 0.00000000000197
2.253697 0.00000000019785 0.00000000000198
2.254684 0.00000000019771 0.00000000000198
2.255665 0.00000000019713 0.00000000000197
2.256653 0.00000000019709 0.00000000000197
2.257633 0.00000000019588 0.00000000000196
2.258621 0.00000000019308 0.00000000000193
2.259602 0.00000000018881 0.00000000000189
2.260589 0.00000000018525 0.00000000000185
2.261570 0.00000000018879 0.00000000000189
2.262558 0.00000000019111 0.00000000000191
2.263539 0.00000000018775 0.00000000000188
2.264526 0.00000000019184 0.00000000000192
2.265507 0.00000000019384 0.00000000000194
2.266495 0.00000000019398 0.00000000000194
2.267475 0.00000000019526 0.00000000000195
2.268463 0.00000000019309 0.00000000000193
2.269444 0.00000000019217 0.00000000000192
2.270431 0.00000000019305 0.00000000000193
2.271412 0.00000000019261 0.00000000000193
2.272400 0.00000000019247 0.00000000000193
2.273381 0.00000000019277 0.00000000000193
2.274368 0.00000000019149 0.00000000000192
2.275349 0.00000000019167 0.00000000000192
2.276336 0.00000000019000 0.00000000000190
2.277318 0.00000000019008 0.00000000000190
2.278305 0.00000000018563 0.00000000000186
2.279286 0.00000000018292 0.00000000000183
2.280273 0.00000000018688 0.00000000000187
2.281255 0.00000000018715 0.00000000000187
2.282242 0.00000000018766 0.00000000000188
2.283223 0.00000000018832 0.00000000000188
2.284210 0.00000000018912 0.00000000000189
2.285191 0.00000000018950 0.00000000000190
2.286179 0.00000000018937 0.00000000000189
2.287166 0.00000000018822 0.00000000000188
2.288147 0.00000000018792 0.00000000000188
2.289135 0.00000000018661 0.00000000000187
2.290116 0.00000000018464 0.00000000000185
2.291103 0.00000000017581 0.00000000000176
2.292084 0.00000000017505 0.00000000000175
2.293072 0.00000000017703 0.00000000000177
2.294052 0.00000000017681 0.00000000000177
2.295040 0.00000000017829 0.00000000000178
2.296021 0.00000000017970 0.00000000000180
2.297009 0.00000000018117 0.00000000000181
2.297990 0.00000000018122 0.00000000000181
2.298977 0.00000000018158 0.00000000000182
2.299958 0.00000000018134 0.00000000000181
2.300948 0.00000000018063 0.00000000000181
2.301929 0.00000000018045 0.00000000000180
2.302916 0.00000000017966 0.00000000000180
2.303898 0.00000000017943 0.00000000000179
2.304886 0.00000000018073 0.00000000000181
2.305866 0.00000000018030 0.00000000000180
2.306854 0.00000000018004 0.00000000000180
2.307835 0.00000000018009 0.00000000000180
2.308822 0.00000000017894 0.00000000000179
2.309810 0.00000000017946 0.00000000000180
2.310791 0.00000000017810 0.00000000000178
2.311779 0.00000000017704 0.00000000000177
2.312760 0.00000000017689 0.00000000000177
2.313748 0.00000000017809 0.00000000000178
2.314729 0.00000000017559 0.00000000000176
2.315716 0.00000000017672 0.00000000000177
2.316697 0.00000000017637 0.00000000000176
2.317687 0.00000000017605 0.00000000000176
2.318668 0.00000000017522 0.00000000000175
2.319655 0.00000000016876 0.00000000000169
2.320637 0.00000000016222 0.00000000000162
2.321625 0.00000000016414 0.00000000000164
2.322606 0.00000000016593 0.00000000000166
2.323593 0.00000000016757 0.00000000000168
2.324581 0.00000000016857 0.00000000000169
2.325562 0.00000000016956 0.00000000000170
2.326550 0.00000000016922 0.00000000000169
2.327531 0.00000000016839 0.00000000000168
2.328521 0.00000000016907 0.00000000000169
2.329502 0.00000000016964 0.00000000000170
2.330489 0.00000000016972 0.00000000000170
2.331471 0.00000000016977 0.00000000000170
2.332458 0.00000000016705 0.00000000000167
2.333440 0.00000000016666 0.00000000000167
2.334427 0.00000000016838 0.00000000000168
2.335415 0.00000000016529 0.00000000000165
2.336396 0.00000000016567 0.00000000000166
2.337384 0.00000000016818 0.00000000000168
2.338367 0.00000000016918 0.00000000000169
2.339355 0.00000000016903 0.00000000000169
2.340336 0.00000000017065 0.00000000000171
2.341324 0.00000000016919 0.00000000000169
2.342311 0.00000000016854 0.00000000000169
2.343292 0.00000000016921 0.00000000000169
2.344280 0.00000000017038 0.00000000000170
2.345262 0.00000000016842 0.00000000000168
2.346251 0.00000000016702 0.00000000000167
2.347233 0.00000000016679 0.00000000000167
2.348221 0.00000000016553 0.00000000000166
2.349202 0.00000000016081 0.00000000000161
2.350189 0.00000000015324 0.00000000000153
2.351177 0.00000000015545 0.00000000000155
2.352159 0.00000000015753 0.00000000000158
2.353148 0.00000000015807 0.00000000000158
2.354130 0.00000000015888 0.00000000000159
2.355118 0.00000000015945 0.00000000000160
2.356099 0.00000000015983 0.00000000000160
2.357086 0.00000000016121 0.00000000000161
2.358074 0.00000000016133 0.00000000000161
2.359056 0.00000000016169 0.00000000000162
2.360045 0.00000000016122 0.00000000000161
2.361027 0.00000000016194 0.00000000000162
2.362015 0.00000000016068 0.00000000000161
2.363002 0.00000000016084 0.00000000000161
2.363983 0.00000000016276 0.00000000000163
2.364972 0.00000000016171 0.00000000000162
2.365955 0.00000000016052 0.00000000000161
2.366943 0.00000000016013 0.00000000000160
2.367924 0.00000000015917 0.00000000000159
2.368912 0.00000000016097 0.00000000000161
2.369900 0.00000000016039 0.00000000000160
2.370881 0.00000000015992 0.00000000000160
2.371871 0.00000000015969 0.00000000000160
2.372853 0.00000000016012 0.00000000000160
2.373841 0.00000000016004 0.00000000000160
2.374829 0.00000000016055 0.00000000000161
2.375810 0.00000000015842 0.00000000000158
2.376800 0.00000000015944 0.00000000000159
2.377781 0.00000000015857 0.00000000000159
2.378769 0.00000000015632 0.00000000000156
2.379757 0.00000000015160 0.00000000000152
2.380738 0.00000000014541 0.00000000000145
2.381728 0.00000000014541 0.00000000000145
2.382710 0.00000000014723 0.00000000000147
2.383698 0.00000000014613 0.00000000000146
2.384686 0.00000000014906 0.00000000000149
2.385669 0.00000000015120 0.00000000000151
2.386657 0.00000000015237 0.00000000000152
2.387645 0.00000000015312 0.00000000000153
2.388627 0.00000000015254 0.00000000000153
2.389617 0.00000000015212 0.00000000000152
2.390599 0.00000000015211 0.00000000000152
2.391586 0.00000000015275 0.00000000000153
2.392574 0.00000000015189 0.00000000000152
2.393556 0.00000000015315 0.00000000000153
2.394546 0.00000000015320 0.00000000000153
2.395534 0.00000000015188 0.00000000000152
2.396515 0.00000000015226 0.00000000000152
2.397506 0.00000000015198 0.00000000000152
2.398487 0.00000000015227 0.00000000000152
2.399475 0.00000000015266 0.00000000000153
2.400463 0.00000000015171 0.00000000000152
2.401447 0.00000000015093 0.00000000000151
2.402435 0.00000000015101 0.00000000000151
2.403423 0.00000000015108 0.00000000000151
2.404405 0.00000000015076 0.00000000000151
2.405395 0.00000000015022 0.00000000000150
2.406376 0.00000000014996 0.00000000000150
2.407364 0.00000000014995 0.00000000000150
2.408355 0.00000000014933 0.00000000000149
2.409336 0.00000000014942 0.00000000000149
2.410324 0.00000000014588 0.00000000000146
2.411313 0.00000000014128 0.00000000000141
2.412296 0.00000000014024 0.00000000000140
2.413284 0.00000000014179 0.00000000000142
2.414273 0.00000000014247 0.00000000000143
2.415256 0.00000000014536 0.00000000000145
2.416244 0.00000000014498 0.00000000000145
2.417233 0.00000000014398 0.00000000000144
2.418216 0.00000000014507 0.00000000000145
2.419204 0.00000000014508 0.00000000000145
2.420192 0.00000000014437 0.00000000000144
2.421176 0.00000000014516 0.00000000000145
2.422165 0.00000000014503 0.00000000000145
2.423153 0.00000000014373 0.00000000000144
2.424136 0.00000000014380 0.00000000000144
2.425125 0.00000000014362 0.00000000000144
2.426113 0.00000000014451 0.00000000000145
2.427097 0.00000000014490 0.00000000000145
2.428085 0.00000000014470 0.00000000000145
2.429074 0.00000000014416 0.00000000000144
2.430057 0.00000000014363 0.00000000000144
2.431046 0.00000000014267 0.00000000000143
2.432034 0.00000000014203 0.00000000000142
2.433018 0.00000000014358 0.00000000000144
2.434006 0.00000000014734 0.00000000000147
2.434996 0.00000000014173 0.00000000000142
2.435978 0.00000000014196 0.00000000000142
2.436967 0.00000000014300 0.00000000000143
2.437957 0.00000000014122 0.00000000000141
2.438946 0.00000000014281 0.00000000000143
2.439927 0.00000000014297 0.00000000000143
2.440918 0.00000000014098 0.00000000000141
2.441906 0.00000000013924 0.00000000000139
2.442890 0.00000000013746 0.00000000000138
2.443878 0.00000000013447 0.00000000000135
2.444867 0.00000000013483 0.00000000000135
2.445851 0.00000000013568 0.00000000000136
2.446839 0.00000000013609 0.00000000000136
2.447829 0.00000000013626 0.00000000000136
2.448818 0.00000000013626 0.00000000000136
2.449802 0.00000000013706 0.00000000000137
2.450790 0.00000000013600 0.00000000000136
2.451779 0.00000000013499 0.00000000000135
2.452763 0.00000000013437 0.00000000000134
2.453752 0.00000000013398 0.00000000000134
2.454742 0.00000000013369 0.00000000000134
2.455730 0.00000000013627 0.00000000000136
2.456714 0.00000000013595 0.00000000000136
2.457703 0.00000000013612 0.00000000000136
2.458694 0.00000000013629 0.00000000000136
2.459682 0.00000000013509 0.00000000000135
2.460666 0.00000000013590 0.00000000000136
2.461655 0.00000000013623 0.00000000000136
2.462645 0.00000000013534 0.00000000000135
2.463627 0.00000000013724 0.00000000000137
2.464616 0.00000000013663 0.00000000000137
2.465606 0.00000000013656 0.00000000000137
2.466595 0.00000000013678 0.00000000000137
2.467579 0.00000000013572 0.00000000000136
2.468568 0.00000000013554 0.00000000000136
2.469558 0.00000000013444 0.00000000000134
2.470547 0.00000000013327 0.00000000000133
2.471531 0.00000000013366 0.00000000000134
2.472520 0.00000000013308 0.00000000000133
2.473511 0.00000000013310 0.00000000000133
2.474502 0.00000000013454 0.00000000000135
2.475490 0.00000000013128 0.00000000000131
2.476474 0.00000000012734 0.00000000000127
2.477463 0.00000000012544 0.00000000000125
2.478454 0.00000000012598 0.00000000000126
2.479443 0.00000000012493 0.00000000000125
2.480427 0.00000000012629 0.00000000000126
2.481416 0.00000000012984 0.00000000000130
2.482406 0.00000000012907 0.00000000000129
2.483397 0.00000000012514 0.00000000000125
2.484386 0.00000000012514 0.00000000000125
2.485370 0.00000000012791 0.00000000000128
2.486359 0.00000000012981 0.00000000000130
2.487350 0.00000000013060 0.00000000000131
2.488339 0.00000000013009 0.00000000000130
2.489323 0.00000000012933 0.00000000000129
2.490314 0.00000000012971 0.00000000000130
2.491303 0.00000000012995 0.00000000000130
2.492294 0.00000000013044 0.00000000000130
2.493283 0.00000000012991 0.00000000000130
2.494267 0.00000000013018 0.00000000000130
2.495258 0.00000000012959 0.00000000000130
2.496247 0.00000000012916 0.00000000000129
2.497238 0.00000000012878 0.00000000000129
2.498227 0.00000000012921 0.00000000000129
2.499218 0.00000000012909 0.00000000000129
2.500202 0.00000000012834 0.00000000000128
2.501191 0.00000000012816 0.00000000000128
2.502182 0.00000000012846 0.00000000000129
2.503173 0.00000000012787 0.00000000000128
2.504163 0.00000000012698 0.00000000000127
2.505153 0.00000000012640 0.00000000000126
2.506137 0.00000000012864 0.00000000000129
2.507127 0.00000000012667 0.00000000000127
2.508118 0.00000000012493 0.00000000000125
2.509109 0.00000000012390 0.00000000000124
2.510098 0.00000000012328 0.00000000000123
2.511089 0.00000000012290 0.00000000000123
2.512074 0.00000000012335 0.00000000000123
2.513063 0.00000000012455 0.00000000000125
2.514054 0.00000000012384 0.00000000000124
2.515045 0.00000000012386 0.00000000000124
2.516036 0.00000000012363 0.00000000000124
2.517026 0.00000000012454 0.00000000000125
2.518017 0.00000000012420 0.00000000000124
2.519001 0.00000000012531 0.00000000000125
2.519992 0.00000000012336 0.00000000000123
2.520982 0.00000000012376 0.00000000000124
2.521973 0.00000000012056 0.00000000000121
2.522964 0.00000000012177 0.00000000000122
2.523955 0.00000000012237 0.00000000000122
2.524945 0.00000000012220 0.00000000000122
2.525936 0.00000000012167 0.00000000000122
2.526921 0.00000000012253 0.00000000000123
2.527911 0.00000000012359 0.00000000000124
2.528901 0.00000000012314 0.00000000000123
2.529892 0.00000000012214 0.00000000000122
2.530884 0.00000000012213 0.00000000000122
2.531875 0.00000000012280 0.00000000000123
2.532866 0.00000000012179 0.00000000000122
2.533856 0.00000000012144 0.00000000000121
2.534847 0.00000000012000 0.00000000000120
2.535839 0.00000000011979 0.00000000000120
2.536824 0.00000000011971 0.00000000000120
2.537814 0.00000000011719 0.00000000000117
2.538806 0.00000000011425 0.00000000000114
2.539796 0.00000000011678 0.00000000000117
2.540787 0.00000000011901 0.00000000000119
2.541779 0.00000000011841 0.00000000000118
2.542770 0.00000000011897 0.00000000000119
2.543762 0.00000000011745 0.00000000000118
2.544753 0.00000000011721 0.00000000000117
2.545745 0.00000000011648 0.00000000000117
2.546735 0.00000000011840 0.00000000000118
2.547726 0.00000000011710 0.00000000000117
2.548717 0.00000000011496 0.00000000000115
2.549709 0.00000000011512 0.00000000000115
2.550694 0.00000000011635 0.00000000000116
2.551686 0.00000000011647 0.00000000000117
2.552677 0.00000000011659 0.00000000000117
2.553668 0.00000000011615 0.00000000000116
2.554660 0.00000000011627 0.00000000000116
2.555652 0.00000000011631 0.00000000000116
2.556644 0.00000000011616 0.00000000000116
2.557633 0.00000000011518 0.00000000000115
2.558625 0.00000000011417 0.00000000000114
2.559617 0.00000000011417 0.00000000000114
2.560609 0.00000000011496 0.00000000000115
2.561600 0.00000000011436 0.00000000000114
2.562592 0.00000000011490 0.00000000000115
2.563584 0.00000000011550 0.00000000000116
2.564575 0.00000000011576 0.00000000000116
2.565567 0.00000000011575 0.00000000000116
2.566559 0.00000000011623 0.00000000000116
2.567551 0.00000000011570 0.00000000000116
2.568543 0.00000000011631 0.00000000000116
2.569535 0.00000000011560 0.00000000000116
2.570526 0.00000000011569 0.00000000000116
2.571519 0.00000000011559 0.00000000000116
2.572510 0.00000000011568 0.00000000000116
2.573502 0.00000000011495 0.00000000000115
2.574494 0.00000000011523 0.00000000000115
2.575486 0.00000000011425 0.00000000000114
2.576478 0.00000000011459 0.00000000000115
2.577472 0.00000000011525 0.00000000000115
2.578464 0.00000000011466 0.00000000000115
2.579456 0.00000000011189 0.00000000000112
2.580448 0.00000000011292 0.00000000000113
2.581440 0.00000000011239 0.00000000000112
2.582432 0.00000000011120 0.00000000000111
2.583431 0.00000000010987 0.00000000000110
2.584423 0.00000000011147 0.00000000000112
2.585416 0.00000000011254 0.00000000000113
2.586407 0.00000000011235 0.00000000000112
2.587401 0.00000000011234 0.00000000000112
2.588393 0.00000000011168 0.00000000000112
2.589386 0.00000000011125 0.00000000000111
2.590378 0.00000000010996 0.00000000000110
2.591370 0.00000000011098 0.00000000000111
2.592362 0.00000000010946 0.00000000000110
2.593354 0.00000000010942 0.00000000000109
2.594348 0.00000000010999 0.00000000000110
2.595340 0.00000000011000 0.00000000000110
2.596333 0.00000000011030 0.00000000000110
2.597332 0.00000000011025 0.00000000000110
2.598325 0.00000000011090 0.00000000000111
2.599319 0.00000000011112 0.00000000000111
2.600311 0.00000000011059 0.00000000000111
2.601303 0.00000000010994 0.00000000000110
2.602295 0.00000000010912 0.00000000000109
2.603288 0.00000000011044 0.00000000000110
2.604282 0.00000000011015 0.00000000000110
2.605274 0.00000000011032 0.00000000000110
2.606274 0.00000000011016 0.00000000000110
2.607266 0.00000000010944 0.00000000000109
2.608260 0.00000000011067 0.00000000000111
2.609253 0.00000000011007 0.00000000000110
2.610245 0.00000000010945 0.00000000000110
2.611240 0.00000000010966 0.00000000000110
2.612232 0.00000000010991 0.00000000000110
2.613232 0.00000000010892 0.00000000000109
2.614224 0.00000000010913 0.00000000000109
2.615219 0.00000000010768 0.00000000000108
2.616211 0.00000000010702 0.00000000000107
2.617204 0.00000000010684 0.00000000000107
2.618198 0.00000000010632 0.00000000000106
2.619198 0.00000000010557 0.00000000000106
2.620191 0.00000000010495 0.00000000000105
2.621185 0.00000000010492 0.00000000000105
2.622177 0.00000000010539 0.00000000000105
2.623172 0.00000000010382 0.00000000000104
2.624165 0.00000000010504 0.00000000000105
2.625165 0.00000000010659 0.00000000000107
2.626159 0.00000000010674 0.00000000000107
2.627152 0.00000000010678 0.00000000000107
2.628146 0.00000000010631 0.00000000000106
2.629139 0.00000000010626 0.00000000000106
2.630139 0.00000000010629 0.00000000000106
2.631134 0.00000000010633 0.00000000000106
2.632127 0.00000000010627 0.00000000000106
2.633121 0.00000000010647 0.00000000000107
2.634121 0.00000000010693 0.00000000000107
2.635116 0.00000000010589 0.00000000000106
2.636109 0.00000000010430 0.00000000000104
2.637103 0.00000000010201 0.00000000000102
2.638103 0.00000000010162 0.00000000000102
2.639098 0.00000000010431 0.00000000000104
2.640091 0.00000000010411 0.00000000000104
2.641086 0.00000000010591 0.00000000000106
2.642086 0.00000000010542 0.00000000000105
2.643081 0.00000000010497 0.00000000000105
2.644074 0.00000000010501 0.00000000000105
2.645068 0.00000000010491 0.00000000000105
2.646069 0.00000000010442 0.00000000000104
2.647064 0.00000000010475 0.00000000000105
2.648057 0.00000000010473 0.00000000000105
2.649052 0.00000000010339 0.00000000000103
2.650054 0.00000000010271 0.00000000000103
2.651047 0.00000000010286 0.00000000000103
2.652042 0.00000000010138 0.00000000000101
2.653043 0.00000000010043 0.00000000000100
2.654037 0.00000000010265 0.00000000000103
2.655032 0.00000000010337 0.00000000000103
2.656033 0.00000000010270 0.00000000000103
2.657028 0.00000000010266 0.00000000000103
2.658021 0.00000000010246 0.00000000000103
2.659024 0.00000000010233 0.00000000000102
2.660019 0.00000000010155 0.00000000000102
2.661012 0.00000000010220 0.00000000000102
2.662014 0.00000000010134 0.00000000000101
2.663009 0.00000000009969 0.00000000000100
2.664004 0.00000000010009 0.00000000000100
2.665005 0.00000000010084 0.00000000000101
2.666000 0.00000000010142 0.00000000000101
2.666995 0.00000000010107 0.00000000000101
2.667996 0.00000000010110 0.00000000000101
2.668991 0.00000000010167 0.00000000000102
2.669987 0.00000000010228 0.00000000000102
2.670989 0.00000000010266 0.00000000000103
2.671983 0.00000000010171 0.00000000000102
2.672985 0.00000000010088 0.00000000000101
2.673980 0.00000000010050 0.00000000000101
2.674976 0.00000000010151 0.00000000000102
2.675979 0.00000000010131 0.00000000000101
2.676972 0.00000000010116 0.00000000000101
2.677975 0.00000000010051 0.00000000000101
2.678971 0.00000000010083 0.00000000000101
2.679966 0.00000000010028 0.00000000000100
2.680968 0.00000000010037 0.00000000000100
2.681964 0.00000000010025 0.00000000000100
2.682965 0.00000000010069 0.00000000000101
2.683961 0.00000000010065 0.00000000000101
2.684963 0.00000000010004 0.00000000000100
2.685959 0.00000000009965 0.00000000000100
2.686954 0.00000000009942 0.00000000000099
2.687958 0.00000000010029 0.00000000000100
2.688953 0.00000000009939 0.00000000000099
2.689956 0.00000000009867 0.00000000000099
2.690951 0.00000000009881 0.00000000000099
2.691955 0.00000000009803 0.00000000000098
2.692948 0.00000000009853 0.00000000000099
2.693952 0.00000000009801 0.00000000000098
2.694947 0.00000000009769 0.00000000000098
2.695951 0.00000000009871 0.00000000000099
2.696946 0.00000000009867 0.00000000000099
2.697949 0.00000000009830 0.00000000000098
2.698945 0.00000000009754 0.00000000000098
2.699948 0.00000000009792 0.00000000000098
2.700944 0.00000000009785 0.00000000000098
2.701947 0.00000000009729 0.00000000000097
2.702943 0.00000000009700 0.00000000000097
2.703948 0.00000000009695 0.00000000000097
2.704944 0.00000000009669 0.00000000000097
2.705947 0.00000000009602 0.00000000000096
2.706943 0.00000000009614 0.00000000000096
2.707947 0.00000000009625 0.00000000000096
2.708942 0.00000000009563 0.00000000000096
2.709946 0.00000000009535 0.00000000000095
2.710949 0.00000000009594 0.00000000000096
2.711946 0.00000000009632 0.00000000000096
2.712949 0.00000000009584 0.00000000000096
2.713947 0.00000000009557 0.00000000000096
2.714950 0.00000000009520 0.00000000000095
2.715946 0.00000000009556 0.00000000000096
2.716950 0.00000000009542 0.00000000000095
2.717953 0.00000000009498 0.00000000000095
2.718950 0.00000000009479 0.00000000000095
2.719954 0.00000000009439 0.00000000000094
2.720951 0.00000000009421 0.00000000000094
2.721955 0.00000000009475 0.00000000000095
2.722959 0.00000000009384 0.00000000000094
2.723957 0.00000000009348 0.00000000000094
2.724960 0.00000000009347 0.00000000000094
2.725964 0.00000000009343 0.00000000000093
2.726960 0.00000000009341 0.00000000000093
2.727965 0.00000000009332 0.00000000000093
2.728970 0.00000000009327 0.00000000000093
2.729966 0.00000000009299 0.00000000000093
2.730971 0.00000000009320 0.00000000000093
2.731968 0.00000000009267 0.00000000000093
2.732972 0.00000000009273 0.00000000000093
2.733977 0.00000000009222 0.00000000000092
2.734982 0.00000000009194 0.00000000000092
2.735978 0.00000000009245 0.00000000000093
2.736984 0.00000000009168 0.00000000000092
2.737988 0.00000000009071 0.00000000000091
2.738986 0.00000000009188 0.00000000000092
2.739990 0.00000000009132 0.00000000000091
2.740994 0.00000000009194 0.00000000000092
2.741993 0.00000000009122 0.00000000000091
2.742997 0.00000000009144 0.00000000000092
2.744002 0.00000000009146 0.00000000000092
2.745007 0.00000000009121 0.00000000000091
2.746005 0.00000000009116 0.00000000000091
2.747010 0.00000000009028 0.00000000000090
2.748015 0.00000000008983 0.00000000000090
2.749020 0.00000000008991 0.00000000000090
2.750019 0.00000000009012 0.00000000000090
2.751023 0.00000000008965 0.00000000000090
2.752029 0.00000000008994 0.00000000000090
2.753033 0.00000000008977 0.00000000000090
2.754032 0.00000000008946 0.00000000000090
2.755036 0.00000000008869 0.00000000000089
2.756042 0.00000000008880 0.00000000000089
2.757049 0.00000000008866 0.00000000000089
2.758053 0.00000000008872 0.00000000000089
2.759053 0.00000000008839 0.00000000000088
2.760057 0.00000000008796 0.00000000000088
2.761063 0.00000000008829 0.00000000000088
2.762069 0.00000000008737 0.00000000000087
2.763073 0.00000000008777 0.00000000000088
2.764080 0.00000000008739 0.00000000000087
2.765079 0.00000000008682 0.00000000000087
2.766084 0.00000000008668 0.00000000000087
2.767090 0.00000000008701 0.00000000000087
2.768097 0.00000000008661 0.00000000000087
2.769103 0.00000000008642 0.00000000000086
2.770108 0.00000000008673 0.00000000000087
2.771114 0.00000000008635 0.00000000000086
2.772114 0.00000000008663 0.00000000000087
2.773121 0.00000000008698 0.00000000000087
2.774126 0.00000000008681 0.00000000000087
2.775132 0.00000000008591 0.00000000000086
2.776138 0.00000000008639 0.00000000000086
2.777144 0.00000000008685 0.00000000000087
2.778151 0.00000000008604 0.00000000000086
2.779158 0.00000000008615 0.00000000000086
2.780163 0.00000000008587 0.00000000000086
2.781170 0.00000000008571 0.00000000000086
2.782177 0.00000000008479 0.00000000000085
2.783176 0.00000000008529 0.00000000000085
2.784183 0.00000000008592 0.00000000000086
2.785190 0.00000000008497 0.00000000000085
2.786197 0.00000000008502 0.00000000000085